# ImageMagick pixel enumeration: 50,25,255,srgba
0,0: (0,33,123,69.3541)  #00217B45  srgba(0,33,123,0.271977)
1,0: (0,33,123,120.195)  #00217B78  srgba(0,33,123,0.471351)
2,0: (0,33,123,76.7121)  #00217B4D  srgba(0,33,123,0.300832)
3,0: (0,33,123,0.361868)  #00217B00  srgba(0,33,123,0.00141909)
4,0: (0,0,0,0)  #00000000  none
5,0: (0,0,0,0)  #00000000  none
6,0: (0,0,0,0)  #00000000  none
7,0: (0,0,0,0)  #00000000  none
8,0: (0,0,0,0)  #00000000  none
9,0: (0,0,0,0)  #00000000  none
10,0: (0,0,0,0)  #00000000  none
11,0: (0,0,0,0)  #00000000  none
12,0: (0,0,0,0)  #00000000  none
13,0: (0,0,0,0)  #00000000  none
14,0: (0,0,0,0)  #00000000  none
15,0: (0,0,0,0)  #00000000  none
16,0: (0,0,0,0)  #00000000  none
17,0: (0,0,0,0)  #00000000  none
18,0: (0,33,123,32.9455)  #00217B21  srgba(0,33,123,0.129198)
19,0: (0,33,123,118.218)  #00217B76  srgba(0,33,123,0.4636)
20,0: (0,33,123,101.311)  #00217B65  srgba(0,33,123,0.397299)
21,0: (0,33,123,9.28794)  #00217B09  srgba(0,33,123,0.0364233)
22,0: (0,33,123,18.4047)  #00217B12  srgba(0,33,123,0.0721752)
23,0: (0,33,123,110.237)  #00217B6E  srgba(0,33,123,0.432303)
24,0: (0,33,123,112.117)  #00217B70  srgba(0,33,123,0.439673)
25,0: (0,33,123,21.5875)  #00217B16  srgba(0,33,123,0.0846571)
26,0: (0,0,0,0)  #00000000  none
27,0: (0,0,0,0)  #00000000  none
28,0: (0,0,0,0)  #00000000  none
29,0: (0,0,0,0)  #00000000  none
30,0: (0,0,0,0)  #00000000  none
31,0: (0,0,0,0)  #00000000  none
32,0: (0,0,0,0)  #00000000  none
33,0: (0,0,0,0)  #00000000  none
34,0: (0,0,0,0)  #00000000  none
35,0: (0,33,123,46.8949)  #00217B2F  srgba(0,33,123,0.183902)
36,0: (0,33,123,120.195)  #00217B78  srgba(0,33,123,0.471351)
37,0: (0,33,123,89.537)  #00217B5A  srgba(0,33,123,0.351125)
38,0: (0,33,123,4.07782)  #00217B04  srgba(0,33,123,0.0159915)
39,0: (0,0,0,0)  #00000000  none
40,0: (0,0,0,0)  #00000000  none
41,0: (0,0,0,0)  #00000000  none
42,0: (0,0,0,0)  #00000000  none
43,0: (0,0,0,0)  #00000000  none
44,0: (0,33,123,0)  #00217B00  srgba(0,33,123,0)
45,0: (0,33,123,0)  #00217B00  srgba(0,33,123,0)
46,0: (0,33,123,0)  #00217B00  srgba(0,33,123,0)
47,0: (0,33,123,0)  #00217B00  srgba(0,33,123,0)
48,0: (0,0,0,0)  #00000000  none
49,0: (0,0,0,0)  #00000000  none
0,1: (0,33,123,146.844)  #00217B93  srgba(0,33,123,0.57586)
1,1: (0,33,123,254.486)  #00217BFE  srgba(0,33,123,0.997986)
2,1: (0,33,123,162.42)  #00217BA2  srgba(0,33,123,0.636942)
3,1: (0,33,123,0.758755)  #00217B01  srgba(0,33,123,0.00297551)
4,1: (0,33,123,0)  #00217B00  srgba(0,33,123,0)
5,1: (0,33,123,0)  #00217B00  srgba(0,33,123,0)
6,1: (0,33,123,0)  #00217B00  srgba(0,33,123,0)
7,1: (0,0,0,0)  #00000000  none
8,1: (0,0,0,0)  #00000000  none
9,1: (0,0,0,0)  #00000000  none
10,1: (0,0,0,0)  #00000000  none
11,1: (0,33,123,0)  #00217B00  srgba(0,33,123,0)
12,1: (0,33,123,0)  #00217B00  srgba(0,33,123,0)
13,1: (0,33,123,0)  #00217B00  srgba(0,33,123,0)
14,1: (0,33,123,0)  #00217B00  srgba(0,33,123,0)
15,1: (0,33,123,0)  #00217B00  srgba(0,33,123,0)
16,1: (0,0,0,0)  #00000000  none
17,1: (0,0,0,0)  #00000000  none
18,1: (0,33,123,69.7549)  #00217B46  srgba(0,33,123,0.273548)
19,1: (0,33,123,250.296)  #00217BFA  srgba(0,33,123,0.981552)
20,1: (0,33,123,214.498)  #00217BD6  srgba(0,33,123,0.841169)
21,1: (0,33,123,19.6693)  #00217B14  srgba(0,33,123,0.0771344)
22,1: (0,33,123,38.9689)  #00217B27  srgba(0,33,123,0.152819)
23,1: (0,33,123,233.401)  #00217BE9  srgba(0,33,123,0.915297)
24,1: (0,33,123,237.381)  #00217BED  srgba(0,33,123,0.930907)
25,1: (0,33,123,45.7043)  #00217B2E  srgba(0,33,123,0.179232)
26,1: (0,0,0,0)  #00000000  none
27,1: (0,0,0,0)  #00000000  none
28,1: (0,33,123,0)  #00217B00  srgba(0,33,123,0)
29,1: (0,33,123,0)  #00217B00  srgba(0,33,123,0)
30,1: (0,33,123,0)  #00217B00  srgba(0,33,123,0)
31,1: (0,33,123,0)  #00217B00  srgba(0,33,123,0)
32,1: (0,33,123,0)  #00217B00  srgba(0,33,123,0)
33,1: (0,0,0,0)  #00000000  none
34,1: (0,0,0,0)  #00000000  none
35,1: (0,33,123,99.2918)  #00217B63  srgba(0,33,123,0.38938)
36,1: (0,33,123,254.486)  #00217BFE  srgba(0,33,123,0.997986)
37,1: (0,33,123,189.576)  #00217BBE  srgba(0,33,123,0.743435)
38,1: (0,33,123,8.63813)  #00217B09  srgba(0,33,123,0.033875)
39,1: (0,0,0,0)  #00000000  none
40,1: (0,33,123,0)  #00217B00  srgba(0,33,123,0)
41,1: (0,33,123,0)  #00217B00  srgba(0,33,123,0)
42,1: (0,33,123,0)  #00217B00  srgba(0,33,123,0)
43,1: (0,33,123,0)  #00217B00  srgba(0,33,123,0)
44,1: (0,33,123,7.49416)  #00217B07  srgba(0,33,123,0.0293889)
45,1: (0,33,123,60.393)  #00217B3C  srgba(0,33,123,0.236835)
46,1: (0,33,123,67.463)  #00217B43  srgba(0,33,123,0.264561)
47,1: (0,33,123,16.8988)  #00217B11  srgba(0,33,123,0.0662699)
48,1: (0,0,0,0)  #00000000  none
49,1: (0,0,0,0)  #00000000  none
0,2: (0,33,123,147.152)  #00217B93  srgba(0,33,123,0.577066)
1,2: (0,33,123,255)  #00217BFF  srgba(0,33,123,1)
2,2: (0,33,123,161.786)  #00217BA2  srgba(0,33,123,0.634455)
3,2: (0,33,123,0)  #00217B00  srgba(0,33,123,0)
4,2: (0,33,123,1.57977)  #00217B02  srgba(0,33,123,0.00619516)
5,2: (0,33,123,0.7393)  #00217B01  srgba(0,33,123,0.00289921)
6,2: (0,33,123,0)  #00217B00  srgba(0,33,123,0)
7,2: (0,33,123,0)  #00217B00  srgba(0,33,123,0)
8,2: (0,33,123,0)  #00217B00  srgba(0,33,123,0)
9,2: (0,0,0,0)  #00000000  none
10,2: (0,33,123,0)  #00217B00  srgba(0,33,123,0)
11,2: (0,33,123,0)  #00217B00  srgba(0,33,123,0)
12,2: (0,33,123,0)  #00217B00  srgba(0,33,123,0)
13,2: (0,33,123,2.4358)  #00217B02  srgba(0,33,123,0.00955215)
14,2: (0,33,123,0)  #00217B00  srgba(0,33,123,0)
15,2: (0,33,123,0)  #00217B00  srgba(0,33,123,0)
16,2: (0,33,123,0)  #00217B00  srgba(0,33,123,0)
17,2: (0,0,0,0)  #00000000  none
18,2: (0,33,123,69.9027)  #00217B46  srgba(0,33,123,0.274128)
19,2: (0,33,123,250.825)  #00217BFB  srgba(0,33,123,0.983627)
20,2: (0,33,123,214.953)  #00217BD7  srgba(0,33,123,0.842954)
21,2: (0,33,123,19.7082)  #00217B14  srgba(0,33,123,0.0772869)
22,2: (0,33,123,39.0506)  #00217B27  srgba(0,33,123,0.15314)
23,2: (0,33,123,233.891)  #00217BEA  srgba(0,33,123,0.91722)
24,2: (0,33,123,237.883)  #00217BEE  srgba(0,33,123,0.932876)
25,2: (0,33,123,45.8171)  #00217B2E  srgba(0,33,123,0.179675)
26,2: (0,33,123,0)  #00217B00  srgba(0,33,123,0)
27,2: (0,33,123,0)  #00217B00  srgba(0,33,123,0)
28,2: (0,33,123,0)  #00217B00  srgba(0,33,123,0)
29,2: (0,33,123,1.5214)  #00217B02  srgba(0,33,123,0.00596628)
30,2: (0,33,123,2.11673)  #00217B02  srgba(0,33,123,0.00830091)
31,2: (0,33,123,0)  #00217B00  srgba(0,33,123,0)
32,2: (0,33,123,0)  #00217B00  srgba(0,33,123,0)
33,2: (0,33,123,0)  #00217B00  srgba(0,33,123,0)
34,2: (0,0,0,0)  #00000000  none
35,2: (0,33,123,99.5019)  #00217B64  srgba(0,33,123,0.390204)
36,2: (0,33,123,255)  #00217BFF  srgba(0,33,123,1)
37,2: (0,33,123,189.977)  #00217BBE  srgba(0,33,123,0.745006)
38,2: (0,33,123,8.66148)  #00217B09  srgba(0,33,123,0.0339666)
39,2: (0,33,123,0)  #00217B00  srgba(0,33,123,0)
40,2: (0,33,123,0)  #00217B00  srgba(0,33,123,0)
41,2: (0,33,123,0)  #00217B00  srgba(0,33,123,0)
42,2: (0,33,123,0)  #00217B00  srgba(0,33,123,0)
43,2: (0,33,123,0.120623)  #00217B00  srgba(0,33,123,0.00047303)
44,2: (0,33,123,23.2451)  #00217B17  srgba(0,33,123,0.0911574)
45,2: (0,33,123,214.914)  #00217BD7  srgba(0,33,123,0.842802)
46,2: (0,33,123,240.568)  #00217BF1  srgba(0,33,123,0.943404)
47,2: (0,33,123,57.1128)  #00217B39  srgba(0,33,123,0.223972)
48,2: (0,33,123,0)  #00217B00  srgba(0,33,123,0)
49,2: (0,33,123,0)  #00217B00  srgba(0,33,123,0)
0,3: (0,33,123,147.14)  #00217B93  srgba(0,33,123,0.57702)
1,3: (0,33,123,255)  #00217BFF  srgba(0,33,123,1)
2,3: (0,33,123,177.514)  #00217BB2  srgba(0,33,123,0.696132)
3,3: (0,33,123,107.167)  #00217B6B  srgba(0,33,123,0.420264)
4,3: (0,33,123,166.654)  #00217BA7  srgba(0,33,123,0.653544)
5,3: (0,33,123,160.63)  #00217BA1  srgba(0,33,123,0.629923)
6,3: (0,33,123,96.4786)  #00217B60  srgba(0,33,123,0.378347)
7,3: (0,33,123,14.3735)  #00217B0E  srgba(0,33,123,0.0563668)
8,3: (0,33,123,0)  #00217B00  srgba(0,33,123,0)
9,3: (0,33,123,0)  #00217B00  srgba(0,33,123,0)
10,3: (0,33,123,5.7821)  #00217B06  srgba(0,33,123,0.0226749)
11,3: (0,33,123,73.8482)  #00217B4A  srgba(0,33,123,0.289601)
12,3: (0,33,123,149.058)  #00217B95  srgba(0,33,123,0.584543)
13,3: (0,33,123,172.451)  #00217BAC  srgba(0,33,123,0.67628)
14,3: (0,33,123,144.327)  #00217B90  srgba(0,33,123,0.565988)
15,3: (0,33,123,65.1829)  #00217B41  srgba(0,33,123,0.255619)
16,3: (0,33,123,3.10895)  #00217B03  srgba(0,33,123,0.012192)
17,3: (0,33,123,0)  #00217B00  srgba(0,33,123,0)
18,3: (0,33,123,69.9027)  #00217B46  srgba(0,33,123,0.274128)
19,3: (0,33,123,250.802)  #00217BFB  srgba(0,33,123,0.983536)
20,3: (0,33,123,214.934)  #00217BD7  srgba(0,33,123,0.842878)
21,3: (0,33,123,19.7082)  #00217B14  srgba(0,33,123,0.0772869)
22,3: (0,33,123,39.0467)  #00217B27  srgba(0,33,123,0.153124)
23,3: (0,33,123,233.872)  #00217BEA  srgba(0,33,123,0.917144)
24,3: (0,33,123,237.864)  #00217BEE  srgba(0,33,123,0.932799)
25,3: (0,33,123,45.5058)  #00217B2E  srgba(0,33,123,0.178454)
26,3: (0,33,123,4.06226)  #00217B04  srgba(0,33,123,0.0159304)
27,3: (0,33,123,58.1167)  #00217B3A  srgba(0,33,123,0.227909)
28,3: (0,33,123,128.354)  #00217B80  srgba(0,33,123,0.503349)
29,3: (0,33,123,167.171)  #00217BA7  srgba(0,33,123,0.655573)
30,3: (0,33,123,169.673)  #00217BAA  srgba(0,33,123,0.665385)
31,3: (0,33,123,132.07)  #00217B84  srgba(0,33,123,0.517922)
32,3: (0,33,123,47.6693)  #00217B30  srgba(0,33,123,0.186938)
33,3: (0,33,123,0.171206)  #00217B00  srgba(0,33,123,0.000671397)
34,3: (0,0,0,0)  #00000000  none
35,3: (0,33,123,99.4942)  #00217B63  srgba(0,33,123,0.390173)
36,3: (0,33,123,255)  #00217BFF  srgba(0,33,123,1)
37,3: (0,33,123,189.973)  #00217BBE  srgba(0,33,123,0.744991)
38,3: (0,33,123,8.31128)  #00217B08  srgba(0,33,123,0.0325933)
39,3: (0,33,123,0)  #00217B00  srgba(0,33,123,0)
40,3: (0,33,123,68.8949)  #00217B45  srgba(0,33,123,0.270176)
41,3: (0,33,123,148.599)  #00217B95  srgba(0,33,123,0.582742)
42,3: (0,33,123,138.428)  #00217B8A  srgba(0,33,123,0.542855)
43,3: (0,33,123,59.6148)  #00217B3C  srgba(0,33,123,0.233783)
44,3: (0,33,123,119.868)  #00217B78  srgba(0,33,123,0.470069)
45,3: (0,33,123,236.677)  #00217BED  srgba(0,33,123,0.928145)
46,3: (0,33,123,251.093)  #00217BFB  srgba(0,33,123,0.98468)
47,3: (0,33,123,147.946)  #00217B94  srgba(0,33,123,0.580179)
48,3: (0,33,123,101.323)  #00217B65  srgba(0,33,123,0.397345)
49,3: (0,33,123,18.5759)  #00217B13  srgba(0,33,123,0.0728466)
0,4: (0,33,123,147.14)  #00217B93  srgba(0,33,123,0.57702)
1,4: (0,33,123,255)  #00217BFF  srgba(0,33,123,1)
2,4: (0,33,123,246.412)  #00217BF6  srgba(0,33,123,0.966323)
3,4: (0,33,123,248.187)  #00217BF8  srgba(0,33,123,0.973281)
4,4: (0,33,123,240.385)  #00217BF0  srgba(0,33,123,0.942687)
5,4: (0,33,123,254.451)  #00217BFE  srgba(0,33,123,0.997848)
6,4: (0,33,123,251.556)  #00217BFC  srgba(0,33,123,0.986496)
7,4: (0,33,123,155.366)  #00217B9B  srgba(0,33,123,0.609277)
8,4: (0,33,123,12.2996)  #00217B0C  srgba(0,33,123,0.0482338)
9,4: (0,33,123,4.28016)  #00217B04  srgba(0,33,123,0.0167849)
10,4: (0,33,123,123.253)  #00217B7B  srgba(0,33,123,0.483345)
11,4: (0,33,123,242.938)  #00217BF3  srgba(0,33,123,0.952697)
12,4: (0,33,123,244.49)  #00217BF4  srgba(0,33,123,0.958785)
13,4: (0,33,123,222.646)  #00217BDF  srgba(0,33,123,0.873121)
14,4: (0,33,123,246.654)  #00217BF7  srgba(0,33,123,0.967269)
15,4: (0,33,123,237.397)  #00217BED  srgba(0,33,123,0.930968)
16,4: (0,33,123,101.568)  #00217B66  srgba(0,33,123,0.398306)
17,4: (0,33,123,0.77821)  #00217B01  srgba(0,33,123,0.0030518)
18,4: (0,33,123,69.786)  #00217B46  srgba(0,33,123,0.273671)
19,4: (0,33,123,250.802)  #00217BFB  srgba(0,33,123,0.983536)
20,4: (0,33,123,214.934)  #00217BD7  srgba(0,33,123,0.842878)
21,4: (0,33,123,19.7082)  #00217B14  srgba(0,33,123,0.0772869)
22,4: (0,33,123,39.0467)  #00217B27  srgba(0,33,123,0.153124)
23,4: (0,33,123,233.872)  #00217BEA  srgba(0,33,123,0.917144)
24,4: (0,33,123,237.864)  #00217BEE  srgba(0,33,123,0.932799)
25,4: (0,33,123,44.6342)  #00217B2D  srgba(0,33,123,0.175036)
26,4: (0,33,123,15.7588)  #00217B10  srgba(0,33,123,0.061799)
27,4: (0,33,123,197.739)  #00217BC6  srgba(0,33,123,0.775448)
28,4: (0,33,123,250.953)  #00217BFB  srgba(0,33,123,0.984131)
29,4: (0,33,123,233.467)  #00217BE9  srgba(0,33,123,0.915557)
30,4: (0,33,123,241.564)  #00217BF2  srgba(0,33,123,0.947311)
31,4: (0,33,123,255)  #00217BFF  srgba(0,33,123,1)
32,4: (0,33,123,217.763)  #00217BDA  srgba(0,33,123,0.853971)
33,4: (0,33,123,51.035)  #00217B33  srgba(0,33,123,0.200137)
34,4: (0,0,0,0)  #00000000  none
35,4: (0,33,123,99.4942)  #00217B63  srgba(0,33,123,0.390173)
36,4: (0,33,123,255)  #00217BFF  srgba(0,33,123,1)
37,4: (0,33,123,189.475)  #00217BBD  srgba(0,33,123,0.743038)
38,4: (0,33,123,7.4358)  #00217B07  srgba(0,33,123,0.02916)
39,4: (0,33,123,82.4125)  #00217B52  srgba(0,33,123,0.323186)
40,4: (0,33,123,228.354)  #00217BE4  srgba(0,33,123,0.895506)
41,4: (0,33,123,249.253)  #00217BF9  srgba(0,33,123,0.977462)
42,4: (0,33,123,119.3)  #00217B77  srgba(0,33,123,0.467842)
43,4: (0,33,123,55.9261)  #00217B38  srgba(0,33,123,0.219318)
44,4: (0,33,123,234.07)  #00217BEA  srgba(0,33,123,0.917922)
45,4: (0,33,123,254.304)  #00217BFE  srgba(0,33,123,0.997269)
46,4: (0,33,123,254.84)  #00217BFF  srgba(0,33,123,0.999374)
47,4: (0,33,123,250.992)  #00217BFB  srgba(0,33,123,0.984283)
48,4: (0,33,123,223.105)  #00217BDF  srgba(0,33,123,0.874922)
49,4: (0,33,123,40.8872)  #00217B29  srgba(0,33,123,0.160342)
0,5: (0,33,123,147.14)  #00217B93  srgba(0,33,123,0.57702)
1,5: (0,33,123,255)  #00217BFF  srgba(0,33,123,1)
2,5: (0,33,123,239.716)  #00217BF0  srgba(0,33,123,0.940063)
3,5: (0,33,123,109.887)  #00217B6E  srgba(0,33,123,0.43093)
4,5: (0,33,123,45.8833)  #00217B2E  srgba(0,33,123,0.179934)
5,5: (0,33,123,103.77)  #00217B68  srgba(0,33,123,0.406943)
6,5: (0,33,123,236.471)  #00217BEC  srgba(0,33,123,0.927337)
7,5: (0,33,123,249.171)  #00217BF9  srgba(0,33,123,0.977142)
8,5: (0,33,123,80.1362)  #00217B50  srgba(0,33,123,0.31426)
9,5: (0,33,123,55.6809)  #00217B38  srgba(0,33,123,0.218357)
10,5: (0,33,123,239.728)  #00217BF0  srgba(0,33,123,0.940108)
11,5: (0,33,123,225.961)  #00217BE2  srgba(0,33,123,0.886122)
12,5: (0,33,123,72.537)  #00217B49  srgba(0,33,123,0.284459)
13,5: (0,33,123,23.0272)  #00217B17  srgba(0,33,123,0.0903029)
14,5: (0,33,123,82.9261)  #00217B53  srgba(0,33,123,0.3252)
15,5: (0,33,123,234.031)  #00217BEA  srgba(0,33,123,0.917769)
16,5: (0,33,123,223.171)  #00217BDF  srgba(0,33,123,0.875181)
17,5: (0,33,123,31.179)  #00217B1F  srgba(0,33,123,0.122271)
18,5: (0,33,123,67.7315)  #00217B44  srgba(0,33,123,0.265614)
19,5: (0,33,123,250.802)  #00217BFB  srgba(0,33,123,0.983536)
20,5: (0,33,123,214.934)  #00217BD7  srgba(0,33,123,0.842878)
21,5: (0,33,123,19.7082)  #00217B14  srgba(0,33,123,0.0772869)
22,5: (0,33,123,39.0467)  #00217B27  srgba(0,33,123,0.153124)
23,5: (0,33,123,233.872)  #00217BEA  srgba(0,33,123,0.917144)
24,5: (0,33,123,237.864)  #00217BEE  srgba(0,33,123,0.932799)
25,5: (0,33,123,45.7276)  #00217B2E  srgba(0,33,123,0.179324)
26,5: (0,33,123,0.564202)  #00217B01  srgba(0,33,123,0.00221256)
27,5: (0,33,123,78.3852)  #00217B4E  srgba(0,33,123,0.307393)
28,5: (0,33,123,76.323)  #00217B4C  srgba(0,33,123,0.299306)
29,5: (0,33,123,33.4202)  #00217B21  srgba(0,33,123,0.13106)
30,5: (0,33,123,50.9844)  #00217B33  srgba(0,33,123,0.199939)
31,5: (0,33,123,192.704)  #00217BC1  srgba(0,33,123,0.755703)
32,5: (0,33,123,255)  #00217BFF  srgba(0,33,123,1)
33,5: (0,33,123,137.696)  #00217B8A  srgba(0,33,123,0.539986)
34,5: (0,0,0,0)  #00000000  none
35,5: (0,33,123,99.463)  #00217B63  srgba(0,33,123,0.390051)
36,5: (0,33,123,255)  #00217BFF  srgba(0,33,123,1)
37,5: (0,33,123,191.984)  #00217BC0  srgba(0,33,123,0.75288)
38,5: (0,33,123,100.844)  #00217B65  srgba(0,33,123,0.395468)
39,5: (0,33,123,232.385)  #00217BE8  srgba(0,33,123,0.911315)
40,5: (0,33,123,244.381)  #00217BF4  srgba(0,33,123,0.958358)
41,5: (0,33,123,119.934)  #00217B78  srgba(0,33,123,0.470329)
42,5: (0,33,123,4.88716)  #00217B05  srgba(0,33,123,0.0191653)
43,5: (0,33,123,12.2879)  #00217B0C  srgba(0,33,123,0.048188)
44,5: (0,33,123,83.7082)  #00217B54  srgba(0,33,123,0.328267)
45,5: (0,33,123,230.292)  #00217BE6  srgba(0,33,123,0.903105)
46,5: (0,33,123,249.307)  #00217BF9  srgba(0,33,123,0.977676)
47,5: (0,33,123,113.257)  #00217B71  srgba(0,33,123,0.444144)
48,5: (0,33,123,60.5097)  #00217B3D  srgba(0,33,123,0.237293)
49,5: (0,33,123,11.0973)  #00217B0B  srgba(0,33,123,0.0435187)
0,6: (0,33,123,147.14)  #00217B93  srgba(0,33,123,0.57702)
1,6: (0,33,123,255)  #00217BFF  srgba(0,33,123,1)
2,6: (0,33,123,177.047)  #00217BB1  srgba(0,33,123,0.694301)
3,6: (0,33,123,3.59922)  #00217B04  srgba(0,33,123,0.0141146)
4,6: (0,33,123,0)  #00217B00  srgba(0,33,123,0)
5,6: (0,33,123,1.54475)  #00217B02  srgba(0,33,123,0.00605783)
6,6: (0,33,123,168.265)  #00217BA8  srgba(0,33,123,0.659861)
7,6: (0,33,123,255)  #00217BFF  srgba(0,33,123,1)
8,6: (0,33,123,136.529)  #00217B89  srgba(0,33,123,0.535409)
9,6: (0,33,123,115.879)  #00217B74  srgba(0,33,123,0.454429)
10,6: (0,33,123,255)  #00217BFF  srgba(0,33,123,1)
11,6: (0,33,123,219.163)  #00217BDB  srgba(0,33,123,0.859464)
12,6: (0,33,123,140.907)  #00217B8D  srgba(0,33,123,0.552575)
13,6: (0,33,123,139.798)  #00217B8C  srgba(0,33,123,0.548226)
14,6: (0,33,123,143.377)  #00217B8F  srgba(0,33,123,0.562264)
15,6: (0,33,123,229.163)  #00217BE5  srgba(0,33,123,0.89868)
16,6: (0,33,123,255)  #00217BFF  srgba(0,33,123,1)
17,6: (0,33,123,76.6926)  #00217B4D  srgba(0,33,123,0.300755)
18,6: (0,33,123,65.607)  #00217B42  srgba(0,33,123,0.257282)
19,6: (0,33,123,250.802)  #00217BFB  srgba(0,33,123,0.983536)
20,6: (0,33,123,214.934)  #00217BD7  srgba(0,33,123,0.842878)
21,6: (0,33,123,19.7082)  #00217B14  srgba(0,33,123,0.0772869)
22,6: (0,33,123,39.0467)  #00217B27  srgba(0,33,123,0.153124)
23,6: (0,33,123,233.872)  #00217BEA  srgba(0,33,123,0.917144)
24,6: (0,33,123,237.864)  #00217BEE  srgba(0,33,123,0.932799)
25,6: (0,33,123,45.7938)  #00217B2E  srgba(0,33,123,0.179583)
26,6: (0,33,123,0)  #00217B00  srgba(0,33,123,0)
27,6: (0,33,123,35.4047)  #00217B23  srgba(0,33,123,0.138842)
28,6: (0,33,123,102.922)  #00217B67  srgba(0,33,123,0.403616)
29,6: (0,33,123,135.21)  #00217B87  srgba(0,33,123,0.530236)
30,6: (0,33,123,138.537)  #00217B8B  srgba(0,33,123,0.543282)
31,6: (0,33,123,199.163)  #00217BC7  srgba(0,33,123,0.781033)
32,6: (0,33,123,255)  #00217BFF  srgba(0,33,123,1)
33,6: (0,33,123,166.926)  #00217BA7  srgba(0,33,123,0.654612)
34,6: (0,0,0,0)  #00000000  none
35,6: (0,33,123,99.3619)  #00217B63  srgba(0,33,123,0.389654)
36,6: (0,33,123,255)  #00217BFF  srgba(0,33,123,1)
37,6: (0,33,123,239.774)  #00217BF0  srgba(0,33,123,0.940291)
38,6: (0,33,123,241.654)  #00217BF2  srgba(0,33,123,0.947662)
39,6: (0,33,123,255)  #00217BFF  srgba(0,33,123,1)
40,6: (0,33,123,172.537)  #00217BAD  srgba(0,33,123,0.676616)
41,6: (0,33,123,7.44747)  #00217B07  srgba(0,33,123,0.0292058)
42,6: (0,33,123,0)  #00217B00  srgba(0,33,123,0)
43,6: (0,33,123,0)  #00217B00  srgba(0,33,123,0)
44,6: (0,33,123,24.214)  #00217B18  srgba(0,33,123,0.0949569)
45,6: (0,33,123,220.813)  #00217BDD  srgba(0,33,123,0.865934)
46,6: (0,33,123,247.125)  #00217BF7  srgba(0,33,123,0.969116)
47,6: (0,33,123,58.9572)  #00217B3B  srgba(0,33,123,0.231205)
48,6: (0,33,123,0)  #00217B00  srgba(0,33,123,0)
49,6: (0,33,123,0)  #00217B00  srgba(0,33,123,0)
0,7: (0,33,123,147.14)  #00217B93  srgba(0,33,123,0.57702)
1,7: (0,33,123,255)  #00217BFF  srgba(0,33,123,1)
2,7: (0,33,123,167.918)  #00217BA8  srgba(0,33,123,0.658503)
3,7: (0,33,123,0.311284)  #00217B00  srgba(0,33,123,0.00122072)
4,7: (0,33,123,0)  #00217B00  srgba(0,33,123,0)
5,7: (0,33,123,0)  #00217B00  srgba(0,33,123,0)
6,7: (0,33,123,158.7)  #00217B9F  srgba(0,33,123,0.622354)
7,7: (0,33,123,255)  #00217BFF  srgba(0,33,123,1)
8,7: (0,33,123,141.957)  #00217B8E  srgba(0,33,123,0.556695)
9,7: (0,33,123,122.416)  #00217B7A  srgba(0,33,123,0.480064)
10,7: (0,33,123,255)  #00217BFF  srgba(0,33,123,1)
11,7: (0,33,123,232.307)  #00217BE8  srgba(0,33,123,0.911009)
12,7: (0,33,123,178.502)  #00217BB3  srgba(0,33,123,0.700008)
13,7: (0,33,123,178.339)  #00217BB2  srgba(0,33,123,0.699367)
14,7: (0,33,123,177.556)  #00217BB2  srgba(0,33,123,0.6963)
15,7: (0,33,123,172.537)  #00217BAD  srgba(0,33,123,0.676616)
16,7: (0,33,123,173.023)  #00217BAD  srgba(0,33,123,0.678523)
17,7: (0,33,123,57.6926)  #00217B3A  srgba(0,33,123,0.226246)
18,7: (0,33,123,66.856)  #00217B43  srgba(0,33,123,0.262181)
19,7: (0,33,123,250.802)  #00217BFB  srgba(0,33,123,0.983536)
20,7: (0,33,123,214.934)  #00217BD7  srgba(0,33,123,0.842878)
21,7: (0,33,123,19.7082)  #00217B14  srgba(0,33,123,0.0772869)
22,7: (0,33,123,39.0467)  #00217B27  srgba(0,33,123,0.153124)
23,7: (0,33,123,233.872)  #00217BEA  srgba(0,33,123,0.917144)
24,7: (0,33,123,237.864)  #00217BEE  srgba(0,33,123,0.932799)
25,7: (0,33,123,43.5253)  #00217B2C  srgba(0,33,123,0.170687)
26,7: (0,33,123,37.4202)  #00217B25  srgba(0,33,123,0.146746)
27,7: (0,33,123,208.233)  #00217BD0  srgba(0,33,123,0.816602)
28,7: (0,33,123,246.405)  #00217BF6  srgba(0,33,123,0.966293)
29,7: (0,33,123,196.35)  #00217BC4  srgba(0,33,123,0.770001)
30,7: (0,33,123,178.946)  #00217BB3  srgba(0,33,123,0.701747)
31,7: (0,33,123,214.541)  #00217BD7  srgba(0,33,123,0.841337)
32,7: (0,33,123,255)  #00217BFF  srgba(0,33,123,1)
33,7: (0,33,123,168.202)  #00217BA8  srgba(0,33,123,0.659617)
34,7: (0,0,0,0)  #00000000  none
35,7: (0,33,123,99.3463)  #00217B63  srgba(0,33,123,0.389593)
36,7: (0,33,123,255)  #00217BFF  srgba(0,33,123,1)
37,7: (0,33,123,255)  #00217BFF  srgba(0,33,123,1)
38,7: (0,33,123,247.175)  #00217BF7  srgba(0,33,123,0.969314)
39,7: (0,33,123,252.089)  #00217BFC  srgba(0,33,123,0.988586)
40,7: (0,33,123,229.56)  #00217BE6  srgba(0,33,123,0.900237)
41,7: (0,33,123,69.3696)  #00217B45  srgba(0,33,123,0.272038)
42,7: (0,33,123,0)  #00217B00  srgba(0,33,123,0)
43,7: (0,33,123,0)  #00217B00  srgba(0,33,123,0)
44,7: (0,33,123,27.6031)  #00217B1C  srgba(0,33,123,0.108248)
45,7: (0,33,123,221.514)  #00217BDE  srgba(0,33,123,0.868681)
46,7: (0,33,123,247.128)  #00217BF7  srgba(0,33,123,0.969131)
47,7: (0,33,123,60.6965)  #00217B3D  srgba(0,33,123,0.238025)
48,7: (0,33,123,0)  #00217B00  srgba(0,33,123,0)
49,7: (0,33,123,0)  #00217B00  srgba(0,33,123,0)
0,8: (0,33,123,147.14)  #00217B93  srgba(0,33,123,0.57702)
1,8: (0,33,123,255)  #00217BFF  srgba(0,33,123,1)
2,8: (0,33,123,227.693)  #00217BE4  srgba(0,33,123,0.892912)
3,8: (0,33,123,71.572)  #00217B48  srgba(0,33,123,0.280674)
4,8: (0,33,123,17.2101)  #00217B11  srgba(0,33,123,0.0674907)
5,8: (0,33,123,65.751)  #00217B42  srgba(0,33,123,0.257847)
6,8: (0,33,123,222.981)  #00217BDF  srgba(0,33,123,0.874434)
7,8: (0,33,123,253.381)  #00217BFD  srgba(0,33,123,0.993652)
8,8: (0,33,123,96.1051)  #00217B60  srgba(0,33,123,0.376883)
9,8: (0,33,123,71.2062)  #00217B47  srgba(0,33,123,0.27924)
10,8: (0,33,123,247.72)  #00217BF8  srgba(0,33,123,0.97145)
11,8: (0,33,123,226.156)  #00217BE2  srgba(0,33,123,0.886885)
12,8: (0,33,123,73.3463)  #00217B49  srgba(0,33,123,0.287633)
13,8: (0,33,123,16.9611)  #00217B11  srgba(0,33,123,0.0665141)
14,8: (0,33,123,25.9222)  #00217B1A  srgba(0,33,123,0.101656)
15,8: (0,33,123,76.428)  #00217B4C  srgba(0,33,123,0.299718)
16,8: (0,33,123,22.3385)  #00217B16  srgba(0,33,123,0.087602)
17,8: (0,33,123,1.03502)  #00217B01  srgba(0,33,123,0.0040589)
18,8: (0,33,123,69.8366)  #00217B46  srgba(0,33,123,0.273869)
19,8: (0,33,123,250.802)  #00217BFB  srgba(0,33,123,0.983536)
20,8: (0,33,123,214.934)  #00217BD7  srgba(0,33,123,0.842878)
21,8: (0,33,123,19.7082)  #00217B14  srgba(0,33,123,0.0772869)
22,8: (0,33,123,39.0467)  #00217B27  srgba(0,33,123,0.153124)
23,8: (0,33,123,233.872)  #00217BEA  srgba(0,33,123,0.917144)
24,8: (0,33,123,237.864)  #00217BEE  srgba(0,33,123,0.932799)
25,8: (0,33,123,41.3307)  #00217B29  srgba(0,33,123,0.162081)
26,8: (0,33,123,93.0428)  #00217B5D  srgba(0,33,123,0.364874)
27,8: (0,33,123,255)  #00217BFF  srgba(0,33,123,1)
28,8: (0,33,123,196.07)  #00217BC4  srgba(0,33,123,0.768902)
29,8: (0,33,123,17.8755)  #00217B12  srgba(0,33,123,0.0700999)
30,8: (0,33,123,6.74708)  #00217B07  srgba(0,33,123,0.0264591)
31,8: (0,33,123,148.755)  #00217B95  srgba(0,33,123,0.583352)
32,8: (0,33,123,255)  #00217BFF  srgba(0,33,123,1)
33,8: (0,33,123,168.089)  #00217BA8  srgba(0,33,123,0.659174)
34,8: (0,0,0,0)  #00000000  none
35,8: (0,33,123,99.3463)  #00217B63  srgba(0,33,123,0.389593)
36,8: (0,33,123,255)  #00217BFF  srgba(0,33,123,1)
37,8: (0,33,123,234.051)  #00217BEA  srgba(0,33,123,0.917845)
38,8: (0,33,123,95.0156)  #00217B5F  srgba(0,33,123,0.37261)
39,8: (0,33,123,163.152)  #00217BA3  srgba(0,33,123,0.639811)
40,8: (0,33,123,255)  #00217BFF  srgba(0,33,123,1)
41,8: (0,33,123,209.031)  #00217BD1  srgba(0,33,123,0.81973)
42,8: (0,33,123,39.572)  #00217B28  srgba(0,33,123,0.155184)
43,8: (0,33,123,0)  #00217B00  srgba(0,33,123,0)
44,8: (0,33,123,25.1206)  #00217B19  srgba(0,33,123,0.0985122)
45,8: (0,33,123,219.051)  #00217BDB  srgba(0,33,123,0.859022)
46,8: (0,33,123,250.401)  #00217BFA  srgba(0,33,123,0.981964)
47,8: (0,33,123,84.8638)  #00217B55  srgba(0,33,123,0.332799)
48,8: (0,33,123,13.9455)  #00217B0E  srgba(0,33,123,0.0546883)
49,8: (0,33,123,4.68093)  #00217B05  srgba(0,33,123,0.0183566)
0,9: (0,33,123,149.272)  #00217B95  srgba(0,33,123,0.585382)
1,9: (0,33,123,255)  #00217BFF  srgba(0,33,123,1)
2,9: (0,33,123,253.751)  #00217BFE  srgba(0,33,123,0.995102)
3,9: (0,33,123,238.759)  #00217BEF  srgba(0,33,123,0.936309)
4,9: (0,33,123,209.339)  #00217BD1  srgba(0,33,123,0.820935)
5,9: (0,33,123,237.848)  #00217BEE  srgba(0,33,123,0.932738)
6,9: (0,33,123,255)  #00217BFF  srgba(0,33,123,1)
7,9: (0,33,123,187.821)  #00217BBC  srgba(0,33,123,0.736553)
8,9: (0,33,123,22.6965)  #00217B17  srgba(0,33,123,0.0890059)
9,9: (0,33,123,9.97276)  #00217B0A  srgba(0,33,123,0.0391089)
10,9: (0,33,123,154.953)  #00217B9B  srgba(0,33,123,0.60766)
11,9: (0,33,123,252.946)  #00217BFD  srgba(0,33,123,0.991943)
12,9: (0,33,123,240.171)  #00217BF0  srgba(0,33,123,0.941848)
13,9: (0,33,123,201.778)  #00217BCA  srgba(0,33,123,0.791287)
14,9: (0,33,123,213.019)  #00217BD5  srgba(0,33,123,0.83537)
15,9: (0,33,123,246.864)  #00217BF7  srgba(0,33,123,0.968093)
16,9: (0,33,123,121.031)  #00217B79  srgba(0,33,123,0.474632)
17,9: (0,33,123,0.404669)  #00217B00  srgba(0,33,123,0.00158694)
18,9: (0,33,123,70.821)  #00217B47  srgba(0,33,123,0.277729)
19,9: (0,33,123,254.436)  #00217BFE  srgba(0,33,123,0.997787)
20,9: (0,33,123,218.051)  #00217BDA  srgba(0,33,123,0.8551)
21,9: (0,33,123,19.9922)  #00217B14  srgba(0,33,123,0.0784009)
22,9: (0,33,123,39.6109)  #00217B28  srgba(0,33,123,0.155337)
23,9: (0,33,123,237.261)  #00217BED  srgba(0,33,123,0.930434)
24,9: (0,33,123,241.311)  #00217BF1  srgba(0,33,123,0.946319)
25,9: (0,33,123,43.0467)  #00217B2B  srgba(0,33,123,0.168811)
26,9: (0,33,123,62.1245)  #00217B3E  srgba(0,33,123,0.243626)
27,9: (0,33,123,241.72)  #00217BF2  srgba(0,33,123,0.947921)
28,9: (0,33,123,241.763)  #00217BF2  srgba(0,33,123,0.948089)
29,9: (0,33,123,158.023)  #00217B9E  srgba(0,33,123,0.619699)
30,9: (0,33,123,163.362)  #00217BA3  srgba(0,33,123,0.640635)
31,9: (0,33,123,235.537)  #00217BEC  srgba(0,33,123,0.923674)
32,9: (0,33,123,255)  #00217BFF  srgba(0,33,123,1)
33,9: (0,33,123,170.541)  #00217BAB  srgba(0,33,123,0.668788)
34,9: (0,0,0,0)  #00000000  none
35,9: (0,33,123,100.786)  #00217B65  srgba(0,33,123,0.395239)
36,9: (0,33,123,255)  #00217BFF  srgba(0,33,123,1)
37,9: (0,33,123,194.28)  #00217BC2  srgba(0,33,123,0.761883)
38,9: (0,33,123,5.61089)  #00217B06  srgba(0,33,123,0.0220035)
39,9: (0,33,123,29.5136)  #00217B1E  srgba(0,33,123,0.11574)
40,9: (0,33,123,195.961)  #00217BC4  srgba(0,33,123,0.768475)
41,9: (0,33,123,255)  #00217BFF  srgba(0,33,123,1)
42,9: (0,33,123,180.498)  #00217BB4  srgba(0,33,123,0.707836)
43,9: (0,33,123,21.4436)  #00217B15  srgba(0,33,123,0.0840925)
44,9: (0,33,123,8.14397)  #00217B08  srgba(0,33,123,0.0319371)
45,9: (0,33,123,174.051)  #00217BAE  srgba(0,33,123,0.682551)
46,9: (0,33,123,255)  #00217BFF  srgba(0,33,123,1)
47,9: (0,33,123,226.564)  #00217BE3  srgba(0,33,123,0.888487)
48,9: (0,33,123,198.276)  #00217BC6  srgba(0,33,123,0.777554)
49,9: (0,33,123,74.8405)  #00217B4B  srgba(0,33,123,0.293492)
0,10: (0,33,123,111.49)  #00217B6F  srgba(0,33,123,0.437217)
1,10: (0,33,123,193.218)  #00217BC1  srgba(0,33,123,0.757717)
2,10: (0,33,123,140.549)  #00217B8D  srgba(0,33,123,0.551171)
3,10: (0,33,123,154.389)  #00217B9A  srgba(0,33,123,0.605447)
4,10: (0,33,123,210.082)  #00217BD2  srgba(0,33,123,0.82385)
5,10: (0,33,123,203.568)  #00217BCC  srgba(0,33,123,0.798306)
6,10: (0,33,123,141.424)  #00217B8D  srgba(0,33,123,0.554604)
7,10: (0,33,123,33.3424)  #00217B21  srgba(0,33,123,0.130755)
8,10: (0,33,123,0)  #00217B00  srgba(0,33,123,0)
9,10: (0,33,123,0)  #00217B00  srgba(0,33,123,0)
10,10: (0,33,123,15.9494)  #00217B10  srgba(0,33,123,0.0625467)
11,10: (0,33,123,108.447)  #00217B6C  srgba(0,33,123,0.425284)
12,10: (0,33,123,186.638)  #00217BBB  srgba(0,33,123,0.731914)
13,10: (0,33,123,213.658)  #00217BD6  srgba(0,33,123,0.837873)
14,10: (0,33,123,204.712)  #00217BCD  srgba(0,33,123,0.802792)
15,10: (0,33,123,147.755)  #00217B94  srgba(0,33,123,0.579431)
16,10: (0,33,123,42.8949)  #00217B2B  srgba(0,33,123,0.168215)
17,10: (0,33,123,0)  #00217B00  srgba(0,33,123,0)
18,10: (0,33,123,52.9339)  #00217B35  srgba(0,33,123,0.207584)
19,10: (0,33,123,190.035)  #00217BBE  srgba(0,33,123,0.745235)
20,10: (0,33,123,162.856)  #00217BA3  srgba(0,33,123,0.638651)
21,10: (0,33,123,14.9339)  #00217B0F  srgba(0,33,123,0.0585641)
22,10: (0,33,123,29.5875)  #00217B1E  srgba(0,33,123,0.11603)
23,10: (0,33,123,177.206)  #00217BB1  srgba(0,33,123,0.694926)
24,10: (0,33,123,180.233)  #00217BB4  srgba(0,33,123,0.706798)
25,10: (0,33,123,34.2996)  #00217B22  srgba(0,33,123,0.134508)
26,10: (0,33,123,5.05447)  #00217B05  srgba(0,33,123,0.0198215)
27,10: (0,33,123,99.5525)  #00217B64  srgba(0,33,123,0.390402)
28,10: (0,33,123,192.759)  #00217BC1  srgba(0,33,123,0.755917)
29,10: (0,33,123,214.012)  #00217BD6  srgba(0,33,123,0.839261)
30,10: (0,33,123,180.191)  #00217BB4  srgba(0,33,123,0.70663)
31,10: (0,33,123,130.798)  #00217B83  srgba(0,33,123,0.512932)
32,10: (0,33,123,193.086)  #00217BC1  srgba(0,33,123,0.757198)
33,10: (0,33,123,127.428)  #00217B7F  srgba(0,33,123,0.499718)
34,10: (0,0,0,0)  #00000000  none
35,10: (0,33,123,75.2763)  #00217B4B  srgba(0,33,123,0.295201)
36,10: (0,33,123,193.218)  #00217BC1  srgba(0,33,123,0.757717)
37,10: (0,33,123,143.821)  #00217B90  srgba(0,33,123,0.564004)
38,10: (0,33,123,6.52918)  #00217B07  srgba(0,33,123,0.0256046)
39,10: (0,33,123,0)  #00217B00  srgba(0,33,123,0)
40,10: (0,33,123,53.1362)  #00217B35  srgba(0,33,123,0.208377)
41,10: (0,33,123,180.93)  #00217BB5  srgba(0,33,123,0.709529)
42,10: (0,33,123,190.899)  #00217BBF  srgba(0,33,123,0.748623)
43,10: (0,33,123,85.7276)  #00217B56  srgba(0,33,123,0.336187)
44,10: (0,33,123,0.424125)  #00217B00  srgba(0,33,123,0.00166323)
45,10: (0,33,123,44.1751)  #00217B2C  srgba(0,33,123,0.173236)
46,10: (0,33,123,164.187)  #00217BA4  srgba(0,33,123,0.64387)
47,10: (0,33,123,210.514)  #00217BD3  srgba(0,33,123,0.825544)
48,10: (0,33,123,201.424)  #00217BC9  srgba(0,33,123,0.789899)
49,10: (0,33,123,88.5798)  #00217B59  srgba(0,33,123,0.347372)
0,11: (0,33,123,5.76654)  #00217B06  srgba(0,33,123,0.0226139)
1,11: (0,33,123,9.99611)  #00217B0A  srgba(0,33,123,0.0392004)
2,11: (0,33,123,3.80545)  #00217B04  srgba(0,33,123,0.0149233)
3,11: (0,33,123,2.50195)  #00217B03  srgba(0,33,123,0.00981155)
4,11: (0,33,123,17.6148)  #00217B12  srgba(0,33,123,0.0690776)
5,11: (0,33,123,15.2724)  #00217B0F  srgba(0,33,123,0.0598917)
6,11: (0,33,123,0.280156)  #00217B00  srgba(0,33,123,0.00109865)
7,11: (0,33,123,0)  #00217B00  srgba(0,33,123,0)
8,11: (0,33,123,0)  #00217B00  srgba(0,33,123,0)
9,11: (0,33,123,0)  #00217B00  srgba(0,33,123,0)
10,11: (0,33,123,0)  #00217B00  srgba(0,33,123,0)
11,11: (0,33,123,0)  #00217B00  srgba(0,33,123,0)
12,11: (0,33,123,8.43969)  #00217B08  srgba(0,33,123,0.0330968)
13,11: (0,33,123,19.4008)  #00217B13  srgba(0,33,123,0.0760815)
14,11: (0,33,123,24.4202)  #00217B18  srgba(0,33,123,0.0957656)
15,11: (0,33,123,106.292)  #00217B6A  srgba(0,33,123,0.416831)
16,11: (0,33,123,125.167)  #00217B7D  srgba(0,33,123,0.490852)
17,11: (0,33,123,38.4669)  #00217B26  srgba(0,33,123,0.150851)
18,11: (0,33,123,2.7393)  #00217B03  srgba(0,33,123,0.0107424)
19,11: (0,33,123,9.82879)  #00217B0A  srgba(0,33,123,0.0385443)
20,11: (0,33,123,8.42412)  #00217B08  srgba(0,33,123,0.0330358)
21,11: (0,33,123,0.774319)  #00217B01  srgba(0,33,123,0.00303655)
22,11: (0,33,123,1.52918)  #00217B02  srgba(0,33,123,0.0059968)
23,11: (0,33,123,9.16732)  #00217B09  srgba(0,33,123,0.0359503)
24,11: (0,33,123,9.32296)  #00217B09  srgba(0,33,123,0.0365606)
25,11: (0,33,123,1.82101)  #00217B02  srgba(0,33,123,0.00714122)
26,11: (0,33,123,0)  #00217B00  srgba(0,33,123,0)
27,11: (0,33,123,0)  #00217B00  srgba(0,33,123,0)
28,11: (0,33,123,11.1595)  #00217B0B  srgba(0,33,123,0.0437629)
29,11: (0,33,123,19.2918)  #00217B13  srgba(0,33,123,0.0756542)
30,11: (0,33,123,7.19844)  #00217B07  srgba(0,33,123,0.0282292)
31,11: (0,33,123,1.75486)  #00217B02  srgba(0,33,123,0.00688182)
32,11: (0,33,123,9.99611)  #00217B0A  srgba(0,33,123,0.0392004)
33,11: (0,33,123,6.59144)  #00217B07  srgba(0,33,123,0.0258488)
34,11: (0,0,0,0)  #00000000  none
35,11: (0,33,123,3.89494)  #00217B04  srgba(0,33,123,0.0152743)
36,11: (0,33,123,9.99611)  #00217B0A  srgba(0,33,123,0.0392004)
37,11: (0,33,123,7.44747)  #00217B07  srgba(0,33,123,0.0292058)
38,11: (0,33,123,0.338521)  #00217B00  srgba(0,33,123,0.00132753)
39,11: (0,33,123,0)  #00217B00  srgba(0,33,123,0)
40,11: (0,33,123,0)  #00217B00  srgba(0,33,123,0)
41,11: (0,33,123,7.6537)  #00217B08  srgba(0,33,123,0.0300145)
42,11: (0,33,123,10.2412)  #00217B0A  srgba(0,33,123,0.0401617)
43,11: (0,33,123,8.63035)  #00217B09  srgba(0,33,123,0.0338445)
44,11: (0,33,123,0.214008)  #00217B00  srgba(0,33,123,0.000839246)
45,11: (0,33,123,0)  #00217B00  srgba(0,33,123,0)
46,11: (0,33,123,4.24125)  #00217B04  srgba(0,33,123,0.0166323)
47,11: (0,33,123,18.4358)  #00217B12  srgba(0,33,123,0.0722972)
48,11: (0,33,123,13.8288)  #00217B0E  srgba(0,33,123,0.0542306)
49,11: (0,33,123,1.62646)  #00217B02  srgba(0,33,123,0.00637827)
0,12: (0,33,123,0)  #00217B00  srgba(0,33,123,0)
1,12: (0,33,123,0)  #00217B00  srgba(0,33,123,0)
2,12: (0,33,123,0)  #00217B00  srgba(0,33,123,0)
3,12: (0,33,123,0)  #00217B00  srgba(0,33,123,0)
4,12: (0,33,123,0)  #00217B00  srgba(0,33,123,0)
5,12: (0,33,123,0)  #00217B00  srgba(0,33,123,0)
6,12: (0,33,123,0)  #00217B00  srgba(0,33,123,0)
7,12: (0,33,123,0)  #00217B00  srgba(0,33,123,0)
8,12: (0,33,123,0)  #00217B00  srgba(0,33,123,0)
9,12: (0,33,123,0)  #00217B00  srgba(0,33,123,0)
10,12: (0,33,123,0)  #00217B00  srgba(0,33,123,0)
11,12: (0,33,123,0)  #00217B00  srgba(0,33,123,0)
12,12: (0,33,123,0)  #00217B00  srgba(0,33,123,0)
13,12: (0,33,123,0)  #00217B00  srgba(0,33,123,0)
14,12: (0,33,123,17.8794)  #00217B12  srgba(0,33,123,0.0701152)
15,12: (0,33,123,212.257)  #00217BD4  srgba(0,33,123,0.83238)
16,12: (0,33,123,255)  #00217BFF  srgba(0,33,123,1)
17,12: (0,33,123,77.6187)  #00217B4E  srgba(0,33,123,0.304387)
18,12: (0,33,123,0)  #00217B00  srgba(0,33,123,0)
19,12: (0,33,123,0)  #00217B00  srgba(0,33,123,0)
20,12: (0,33,123,0)  #00217B00  srgba(0,33,123,0)
21,12: (0,33,123,0)  #00217B00  srgba(0,33,123,0)
22,12: (0,33,123,0)  #00217B00  srgba(0,33,123,0)
23,12: (0,33,123,0)  #00217B00  srgba(0,33,123,0)
24,12: (0,33,123,0)  #00217B00  srgba(0,33,123,0)
25,12: (0,33,123,0)  #00217B00  srgba(0,33,123,0)
26,12: (0,33,123,0)  #00217B00  srgba(0,33,123,0)
27,12: (0,33,123,0)  #00217B00  srgba(0,33,123,0)
28,12: (0,33,123,0)  #00217B00  srgba(0,33,123,0)
29,12: (0,33,123,0)  #00217B00  srgba(0,33,123,0)
30,12: (0,33,123,0)  #00217B00  srgba(0,33,123,0)
31,12: (0,33,123,0)  #00217B00  srgba(0,33,123,0)
32,12: (0,33,123,0)  #00217B00  srgba(0,33,123,0)
33,12: (0,33,123,0)  #00217B00  srgba(0,33,123,0)
34,12: (0,33,123,0)  #00217B00  srgba(0,33,123,0)
35,12: (0,33,123,0)  #00217B00  srgba(0,33,123,0)
36,12: (0,33,123,0)  #00217B00  srgba(0,33,123,0)
37,12: (0,33,123,0)  #00217B00  srgba(0,33,123,0)
38,12: (0,33,123,0)  #00217B00  srgba(0,33,123,0)
39,12: (0,33,123,0)  #00217B00  srgba(0,33,123,0)
40,12: (0,33,123,0)  #00217B00  srgba(0,33,123,0)
41,12: (0,33,123,0)  #00217B00  srgba(0,33,123,0)
42,12: (0,33,123,0)  #00217B00  srgba(0,33,123,0)
43,12: (0,33,123,0)  #00217B00  srgba(0,33,123,0)
44,12: (0,33,123,0)  #00217B00  srgba(0,33,123,0)
45,12: (0,33,123,0)  #00217B00  srgba(0,33,123,0)
46,12: (0,33,123,0)  #00217B00  srgba(0,33,123,0)
47,12: (0,33,123,0)  #00217B00  srgba(0,33,123,0)
48,12: (0,33,123,0)  #00217B00  srgba(0,33,123,0)
49,12: (0,33,123,0)  #00217B00  srgba(0,33,123,0)
0,13: (0,0,0,0)  #00000000  none
1,13: (0,0,0,0)  #00000000  none
2,13: (0,0,0,0)  #00000000  none
3,13: (0,0,0,0)  #00000000  none
4,13: (0,0,0,0)  #00000000  none
5,13: (0,0,0,0)  #00000000  none
6,13: (0,0,0,0)  #00000000  none
7,13: (0,33,123,0)  #00217B00  srgba(0,33,123,0)
8,13: (0,33,123,0)  #00217B00  srgba(0,33,123,0)
9,13: (0,33,123,2.75486)  #00217B03  srgba(0,33,123,0.0108034)
10,13: (0,33,123,9.00389)  #00217B09  srgba(0,33,123,0.0353094)
11,13: (0,33,123,5.99222)  #00217B06  srgba(0,33,123,0.0234989)
12,13: (0,33,123,0)  #00217B00  srgba(0,33,123,0)
13,13: (0,33,123,0)  #00217B00  srgba(0,33,123,0)
14,13: (0,33,123,18.6342)  #00217B13  srgba(0,33,123,0.0730755)
15,13: (0,33,123,209.49)  #00217BD1  srgba(0,33,123,0.82153)
16,13: (0,33,123,253.288)  #00217BFD  srgba(0,33,123,0.993286)
17,13: (0,33,123,74.0117)  #00217B4A  srgba(0,33,123,0.290242)
18,13: (0,33,123,0.688716)  #00217B01  srgba(0,33,123,0.00270085)
19,13: (0,33,123,8.49416)  #00217B08  srgba(0,33,123,0.0333104)
20,13: (0,33,123,3.393)  #00217B03  srgba(0,33,123,0.0133059)
21,13: (0,33,123,0)  #00217B00  srgba(0,33,123,0)
22,13: (0,33,123,0)  #00217B00  srgba(0,33,123,0)
23,13: (0,0,0,0)  #00000000  none
24,13: (0,33,123,0)  #00217B00  srgba(0,33,123,0)
25,13: (0,33,123,0)  #00217B00  srgba(0,33,123,0)
26,13: (0,33,123,0)  #00217B00  srgba(0,33,123,0)
27,13: (0,33,123,5.15953)  #00217B05  srgba(0,33,123,0.0202335)
28,13: (0,33,123,8.63035)  #00217B09  srgba(0,33,123,0.0338445)
29,13: (0,33,123,1.3035)  #00217B01  srgba(0,33,123,0.00511177)
30,13: (0,33,123,0)  #00217B00  srgba(0,33,123,0)
31,13: (0,33,123,0)  #00217B00  srgba(0,33,123,0)
32,13: (0,0,0,0)  #00000000  none
33,13: (0,33,123,0.684825)  #00217B01  srgba(0,33,123,0.00268559)
34,13: (0,33,123,2.77432)  #00217B03  srgba(0,33,123,0.0108797)
35,13: (0,33,123,1.73541)  #00217B02  srgba(0,33,123,0.00680552)
36,13: (0,33,123,0)  #00217B00  srgba(0,33,123,0)
37,13: (0,33,123,5.06226)  #00217B05  srgba(0,33,123,0.019852)
38,13: (0,33,123,8.05837)  #00217B08  srgba(0,33,123,0.0316014)
39,13: (0,33,123,0)  #00217B00  srgba(0,33,123,0)
40,13: (0,33,123,0)  #00217B00  srgba(0,33,123,0)
41,13: (0,33,123,0)  #00217B00  srgba(0,33,123,0)
42,13: (0,0,0,0)  #00000000  none
43,13: (0,0,0,0)  #00000000  none
44,13: (0,0,0,0)  #00000000  none
45,13: (0,0,0,0)  #00000000  none
46,13: (0,0,0,0)  #00000000  none
47,13: (0,0,0,0)  #00000000  none
48,13: (0,0,0,0)  #00000000  none
49,13: (0,0,0,0)  #00000000  none
0,14: (0,0,0,0)  #00000000  none
1,14: (0,0,0,0)  #00000000  none
2,14: (0,0,0,0)  #00000000  none
3,14: (0,0,0,0)  #00000000  none
4,14: (0,0,0,0)  #00000000  none
5,14: (0,0,0,0)  #00000000  none
6,14: (0,33,123,0)  #00217B00  srgba(0,33,123,0)
7,14: (0,33,123,9.89494)  #00217B0A  srgba(0,33,123,0.0388037)
8,14: (0,33,123,93.284)  #00217B5D  srgba(0,33,123,0.36582)
9,14: (0,33,123,169.051)  #00217BA9  srgba(0,33,123,0.662943)
10,14: (0,33,123,194.086)  #00217BC2  srgba(0,33,123,0.76112)
11,14: (0,33,123,184.288)  #00217BB8  srgba(0,33,123,0.722698)
12,14: (0,33,123,141.611)  #00217B8E  srgba(0,33,123,0.555337)
13,14: (0,33,123,43.323)  #00217B2B  srgba(0,33,123,0.169894)
14,14: (0,33,123,16.8249)  #00217B11  srgba(0,33,123,0.06598)
15,14: (0,33,123,209.451)  #00217BD1  srgba(0,33,123,0.821378)
16,14: (0,33,123,252.288)  #00217BFC  srgba(0,33,123,0.989364)
17,14: (0,33,123,130.953)  #00217B83  srgba(0,33,123,0.513542)
18,14: (0,33,123,153.066)  #00217B99  srgba(0,33,123,0.600259)
19,14: (0,33,123,190.268)  #00217BBE  srgba(0,33,123,0.746151)
20,14: (0,33,123,168.984)  #00217BA9  srgba(0,33,123,0.662684)
21,14: (0,33,123,78.5953)  #00217B4F  srgba(0,33,123,0.308217)
22,14: (0,33,123,3.31518)  #00217B03  srgba(0,33,123,0.0130007)
23,14: (0,0,0,0)  #00000000  none
24,14: (0,33,123,0)  #00217B00  srgba(0,33,123,0)
25,14: (0,33,123,25.323)  #00217B19  srgba(0,33,123,0.0993057)
26,14: (0,33,123,116.377)  #00217B74  srgba(0,33,123,0.456382)
27,14: (0,33,123,179.016)  #00217BB3  srgba(0,33,123,0.702022)
28,14: (0,33,123,191.63)  #00217BC0  srgba(0,33,123,0.751492)
29,14: (0,33,123,159.405)  #00217B9F  srgba(0,33,123,0.625116)
30,14: (0,33,123,75.5331)  #00217B4C  srgba(0,33,123,0.296208)
31,14: (0,33,123,4.85603)  #00217B05  srgba(0,33,123,0.0190433)
32,14: (0,33,123,0)  #00217B00  srgba(0,33,123,0)
33,14: (0,33,123,41.7471)  #00217B2A  srgba(0,33,123,0.163714)
34,14: (0,33,123,166.735)  #00217BA7  srgba(0,33,123,0.653864)
35,14: (0,33,123,145.304)  #00217B91  srgba(0,33,123,0.569818)
36,14: (0,33,123,107.626)  #00217B6C  srgba(0,33,123,0.422065)
37,14: (0,33,123,178.533)  #00217BB3  srgba(0,33,123,0.70013)
38,14: (0,33,123,189.307)  #00217BBD  srgba(0,33,123,0.742382)
39,14: (0,33,123,144.385)  #00217B90  srgba(0,33,123,0.566217)
40,14: (0,33,123,47.4436)  #00217B2F  srgba(0,33,123,0.186053)
41,14: (0,33,123,0)  #00217B00  srgba(0,33,123,0)
42,14: (0,33,123,0)  #00217B00  srgba(0,33,123,0)
43,14: (0,0,0,0)  #00000000  none
44,14: (0,0,0,0)  #00000000  none
45,14: (0,0,0,0)  #00000000  none
46,14: (0,0,0,0)  #00000000  none
47,14: (0,0,0,0)  #00000000  none
48,14: (0,0,0,0)  #00000000  none
49,14: (0,0,0,0)  #00000000  none
0,15: (0,0,0,0)  #00000000  none
1,15: (0,0,0,0)  #00000000  none
2,15: (0,0,0,0)  #00000000  none
3,15: (0,0,0,0)  #00000000  none
4,15: (0,0,0,0)  #00000000  none
5,15: (0,0,0,0)  #00000000  none
6,15: (0,33,123,0.782101)  #00217B01  srgba(0,33,123,0.00306706)
7,15: (0,33,123,113.136)  #00217B71  srgba(0,33,123,0.443671)
8,15: (0,33,123,248.039)  #00217BF8  srgba(0,33,123,0.972702)
9,15: (0,33,123,236.805)  #00217BED  srgba(0,33,123,0.928649)
10,15: (0,33,123,203.078)  #00217BCB  srgba(0,33,123,0.796384)
11,15: (0,33,123,215.498)  #00217BD7  srgba(0,33,123,0.84509)
12,15: (0,33,123,234.988)  #00217BEB  srgba(0,33,123,0.921523)
13,15: (0,33,123,69.5253)  #00217B46  srgba(0,33,123,0.272648)
14,15: (0,33,123,15.1401)  #00217B0F  srgba(0,33,123,0.0593729)
15,15: (0,33,123,209.237)  #00217BD1  srgba(0,33,123,0.820539)
16,15: (0,33,123,254.42)  #00217BFE  srgba(0,33,123,0.997726)
17,15: (0,33,123,249.634)  #00217BFA  srgba(0,33,123,0.978958)
18,15: (0,33,123,244.553)  #00217BF5  srgba(0,33,123,0.95903)
19,15: (0,33,123,243.996)  #00217BF4  srgba(0,33,123,0.956847)
20,15: (0,33,123,255)  #00217BFF  srgba(0,33,123,1)
21,15: (0,33,123,236.829)  #00217BED  srgba(0,33,123,0.92874)
22,15: (0,33,123,71.642)  #00217B48  srgba(0,33,123,0.280949)
23,15: (0,33,123,0)  #00217B00  srgba(0,33,123,0)
24,15: (0,33,123,28.2996)  #00217B1C  srgba(0,33,123,0.110979)
25,15: (0,33,123,185.463)  #00217BB9  srgba(0,33,123,0.727306)
26,15: (0,33,123,255)  #00217BFF  srgba(0,33,123,1)
27,15: (0,33,123,242.677)  #00217BF3  srgba(0,33,123,0.951675)
28,15: (0,33,123,228.716)  #00217BE5  srgba(0,33,123,0.896925)
29,15: (0,33,123,253.942)  #00217BFE  srgba(0,33,123,0.99585)
30,15: (0,33,123,241.623)  #00217BF2  srgba(0,33,123,0.947539)
31,15: (0,33,123,112.284)  #00217B70  srgba(0,33,123,0.44033)
32,15: (0,33,123,1.80545)  #00217B02  srgba(0,33,123,0.00708019)
33,15: (0,33,123,62.7938)  #00217B3F  srgba(0,33,123,0.24625)
34,15: (0,33,123,249.56)  #00217BFA  srgba(0,33,123,0.978668)
35,15: (0,33,123,253.537)  #00217BFE  srgba(0,33,123,0.994263)
36,15: (0,33,123,248.568)  #00217BF9  srgba(0,33,123,0.974777)
37,15: (0,33,123,230.759)  #00217BE7  srgba(0,33,123,0.904936)
38,15: (0,33,123,238.728)  #00217BEF  srgba(0,33,123,0.936187)
39,15: (0,33,123,255)  #00217BFF  srgba(0,33,123,1)
40,15: (0,33,123,215.599)  #00217BD8  srgba(0,33,123,0.845487)
41,15: (0,33,123,51.7198)  #00217B34  srgba(0,33,123,0.202823)
42,15: (0,33,123,0)  #00217B00  srgba(0,33,123,0)
43,15: (0,0,0,0)  #00000000  none
44,15: (0,0,0,0)  #00000000  none
45,15: (0,0,0,0)  #00000000  none
46,15: (0,0,0,0)  #00000000  none
47,15: (0,0,0,0)  #00000000  none
48,15: (0,0,0,0)  #00000000  none
49,15: (0,0,0,0)  #00000000  none
0,16: (0,0,0,0)  #00000000  none
1,16: (0,0,0,0)  #00000000  none
2,16: (0,0,0,0)  #00000000  none
3,16: (0,0,0,0)  #00000000  none
4,16: (0,0,0,0)  #00000000  none
5,16: (0,0,0,0)  #00000000  none
6,16: (0,33,123,5.78599)  #00217B06  srgba(0,33,123,0.0226902)
7,16: (0,33,123,184.058)  #00217BB8  srgba(0,33,123,0.721798)
8,16: (0,33,123,255)  #00217BFF  srgba(0,33,123,1)
9,16: (0,33,123,131.942)  #00217B84  srgba(0,33,123,0.517418)
10,16: (0,33,123,24.9844)  #00217B19  srgba(0,33,123,0.0979782)
11,16: (0,33,123,22.1362)  #00217B16  srgba(0,33,123,0.0868086)
12,16: (0,33,123,48.5681)  #00217B31  srgba(0,33,123,0.190463)
13,16: (0,33,123,7.9572)  #00217B08  srgba(0,33,123,0.0312047)
14,16: (0,33,123,18.0195)  #00217B12  srgba(0,33,123,0.0706645)
15,16: (0,33,123,209.202)  #00217BD1  srgba(0,33,123,0.820401)
16,16: (0,33,123,255)  #00217BFF  srgba(0,33,123,1)
17,16: (0,33,123,191.805)  #00217BC0  srgba(0,33,123,0.752178)
18,16: (0,33,123,60.1051)  #00217B3C  srgba(0,33,123,0.235706)
19,16: (0,33,123,58.3813)  #00217B3A  srgba(0,33,123,0.228946)
20,16: (0,33,123,197.965)  #00217BC6  srgba(0,33,123,0.776333)
21,16: (0,33,123,255)  #00217BFF  srgba(0,33,123,1)
22,16: (0,33,123,152.794)  #00217B99  srgba(0,33,123,0.599191)
23,16: (0,33,123,1.26459)  #00217B01  srgba(0,33,123,0.00495918)
24,16: (0,33,123,126.105)  #00217B7E  srgba(0,33,123,0.49453)
25,16: (0,33,123,255)  #00217BFF  srgba(0,33,123,1)
26,16: (0,33,123,208.743)  #00217BD1  srgba(0,33,123,0.818601)
27,16: (0,33,123,62.8872)  #00217B3F  srgba(0,33,123,0.246616)
28,16: (0,33,123,32.3424)  #00217B20  srgba(0,33,123,0.126833)
29,16: (0,33,123,119.44)  #00217B77  srgba(0,33,123,0.468391)
30,16: (0,33,123,247.568)  #00217BF8  srgba(0,33,123,0.970855)
31,16: (0,33,123,229.743)  #00217BE6  srgba(0,33,123,0.900954)
32,16: (0,33,123,39.5642)  #00217B28  srgba(0,33,123,0.155154)
33,16: (0,33,123,59.3502)  #00217B3B  srgba(0,33,123,0.232746)
34,16: (0,33,123,245.249)  #00217BF5  srgba(0,33,123,0.961761)
35,16: (0,33,123,251.805)  #00217BFC  srgba(0,33,123,0.987472)
36,16: (0,33,123,140.533)  #00217B8D  srgba(0,33,123,0.55111)
37,16: (0,33,123,35.1284)  #00217B23  srgba(0,33,123,0.137758)
38,16: (0,33,123,52.2996)  #00217B34  srgba(0,33,123,0.205097)
39,16: (0,33,123,192.471)  #00217BC0  srgba(0,33,123,0.754788)
40,16: (0,33,123,255)  #00217BFF  srgba(0,33,123,1)
41,16: (0,33,123,158.7)  #00217B9F  srgba(0,33,123,0.622354)
42,16: (0,33,123,3.62646)  #00217B04  srgba(0,33,123,0.0142214)
43,16: (0,0,0,0)  #00000000  none
44,16: (0,0,0,0)  #00000000  none
45,16: (0,0,0,0)  #00000000  none
46,16: (0,0,0,0)  #00000000  none
47,16: (0,0,0,0)  #00000000  none
48,16: (0,0,0,0)  #00000000  none
49,16: (0,0,0,0)  #00000000  none
0,17: (0,0,0,0)  #00000000  none
1,17: (0,0,0,0)  #00000000  none
2,17: (0,0,0,0)  #00000000  none
3,17: (0,0,0,0)  #00000000  none
4,17: (0,0,0,0)  #00000000  none
5,17: (0,0,0,0)  #00000000  none
6,17: (0,33,123,1.84436)  #00217B02  srgba(0,33,123,0.00723278)
7,17: (0,33,123,136.868)  #00217B89  srgba(0,33,123,0.536736)
8,17: (0,33,123,253.77)  #00217BFE  srgba(0,33,123,0.995178)
9,17: (0,33,123,237.965)  #00217BEE  srgba(0,33,123,0.933196)
10,17: (0,33,123,196.257)  #00217BC4  srgba(0,33,123,0.769635)
11,17: (0,33,123,155.58)  #00217B9C  srgba(0,33,123,0.610117)
12,17: (0,33,123,91.2685)  #00217B5B  srgba(0,33,123,0.357916)
13,17: (0,33,123,13.3152)  #00217B0D  srgba(0,33,123,0.0522164)
14,17: (0,33,123,17.6654)  #00217B12  srgba(0,33,123,0.069276)
15,17: (0,33,123,209.354)  #00217BD1  srgba(0,33,123,0.820996)
16,17: (0,33,123,254.537)  #00217BFF  srgba(0,33,123,0.998184)
17,17: (0,33,123,92.4553)  #00217B5C  srgba(0,33,123,0.36257)
18,17: (0,33,123,0)  #00217B00  srgba(0,33,123,0)
19,17: (0,33,123,0)  #00217B00  srgba(0,33,123,0)
20,17: (0,33,123,123.276)  #00217B7B  srgba(0,33,123,0.483436)
21,17: (0,33,123,255)  #00217BFF  srgba(0,33,123,1)
22,17: (0,33,123,174.214)  #00217BAE  srgba(0,33,123,0.683192)
23,17: (0,33,123,10.2335)  #00217B0A  srgba(0,33,123,0.0401312)
24,17: (0,33,123,184.576)  #00217BB9  srgba(0,33,123,0.723827)
25,17: (0,33,123,255)  #00217BFF  srgba(0,33,123,1)
26,17: (0,33,123,118.732)  #00217B77  srgba(0,33,123,0.465614)
27,17: (0,33,123,0)  #00217B00  srgba(0,33,123,0)
28,17: (0,33,123,0)  #00217B00  srgba(0,33,123,0)
29,17: (0,33,123,17)  #00217B11  srgba(0,33,123,0.0666667)
30,17: (0,33,123,207.576)  #00217BD0  srgba(0,33,123,0.814023)
31,17: (0,33,123,254.693)  #00217BFF  srgba(0,33,123,0.998795)
32,17: (0,33,123,86.5642)  #00217B57  srgba(0,33,123,0.339467)
33,17: (0,33,123,57.5409)  #00217B3A  srgba(0,33,123,0.22565)
34,17: (0,33,123,246.891)  #00217BF7  srgba(0,33,123,0.9682)
35,17: (0,33,123,226.708)  #00217BE3  srgba(0,33,123,0.889052)
36,17: (0,33,123,33.035)  #00217B21  srgba(0,33,123,0.129549)
37,17: (0,33,123,0)  #00217B00  srgba(0,33,123,0)
38,17: (0,33,123,0)  #00217B00  srgba(0,33,123,0)
39,17: (0,33,123,93.5953)  #00217B5E  srgba(0,33,123,0.367041)
40,17: (0,33,123,254.603)  #00217BFF  srgba(0,33,123,0.998444)
41,17: (0,33,123,206.661)  #00217BCF  srgba(0,33,123,0.810437)
42,17: (0,33,123,16.8327)  #00217B11  srgba(0,33,123,0.0660105)
43,17: (0,0,0,0)  #00000000  none
44,17: (0,0,0,0)  #00000000  none
45,17: (0,0,0,0)  #00000000  none
46,17: (0,0,0,0)  #00000000  none
47,17: (0,0,0,0)  #00000000  none
48,17: (0,0,0,0)  #00000000  none
49,17: (0,0,0,0)  #00000000  none
0,18: (0,0,0,0)  #00000000  none
1,18: (0,0,0,0)  #00000000  none
2,18: (0,0,0,0)  #00000000  none
3,18: (0,0,0,0)  #00000000  none
4,18: (0,0,0,0)  #00000000  none
5,18: (0,0,0,0)  #00000000  none
6,18: (0,33,123,0)  #00217B00  srgba(0,33,123,0)
7,18: (0,33,123,17.2724)  #00217B11  srgba(0,33,123,0.0677348)
8,18: (0,33,123,107.634)  #00217B6C  srgba(0,33,123,0.422095)
9,18: (0,33,123,173.389)  #00217BAD  srgba(0,33,123,0.679957)
10,18: (0,33,123,209.183)  #00217BD1  srgba(0,33,123,0.820325)
11,18: (0,33,123,242.767)  #00217BF3  srgba(0,33,123,0.952026)
12,18: (0,33,123,250.607)  #00217BFB  srgba(0,33,123,0.982773)
13,18: (0,33,123,127.521)  #00217B80  srgba(0,33,123,0.500084)
14,18: (0,33,123,18.3463)  #00217B12  srgba(0,33,123,0.0719463)
15,18: (0,33,123,209.381)  #00217BD1  srgba(0,33,123,0.821103)
16,18: (0,33,123,253.35)  #00217BFD  srgba(0,33,123,0.99353)
17,18: (0,33,123,76.1634)  #00217B4C  srgba(0,33,123,0.29868)
18,18: (0,33,123,0)  #00217B00  srgba(0,33,123,0)
19,18: (0,33,123,0)  #00217B00  srgba(0,33,123,0)
20,18: (0,33,123,115.798)  #00217B74  srgba(0,33,123,0.454108)
21,18: (0,33,123,255)  #00217BFF  srgba(0,33,123,1)
22,18: (0,33,123,174.681)  #00217BAF  srgba(0,33,123,0.685023)
23,18: (0,33,123,10.6226)  #00217B0B  srgba(0,33,123,0.0416571)
24,18: (0,33,123,184.949)  #00217BB9  srgba(0,33,123,0.725292)
25,18: (0,33,123,255)  #00217BFF  srgba(0,33,123,1)
26,18: (0,33,123,117.996)  #00217B76  srgba(0,33,123,0.46273)
27,18: (0,33,123,0)  #00217B00  srgba(0,33,123,0)
28,18: (0,33,123,0)  #00217B00  srgba(0,33,123,0)
29,18: (0,33,123,16.5875)  #00217B11  srgba(0,33,123,0.0650492)
30,18: (0,33,123,207.121)  #00217BCF  srgba(0,33,123,0.812238)
31,18: (0,33,123,254.767)  #00217BFF  srgba(0,33,123,0.999084)
32,18: (0,33,123,86.9611)  #00217B57  srgba(0,33,123,0.341024)
33,18: (0,33,123,57.5331)  #00217B3A  srgba(0,33,123,0.22562)
34,18: (0,33,123,246.914)  #00217BF7  srgba(0,33,123,0.968292)
35,18: (0,33,123,226.358)  #00217BE2  srgba(0,33,123,0.887678)
36,18: (0,33,123,32.4669)  #00217B20  srgba(0,33,123,0.127321)
37,18: (0,33,123,0)  #00217B00  srgba(0,33,123,0)
38,18: (0,33,123,0)  #00217B00  srgba(0,33,123,0)
39,18: (0,33,123,92.8132)  #00217B5D  srgba(0,33,123,0.363973)
40,18: (0,33,123,254.588)  #00217BFF  srgba(0,33,123,0.998383)
41,18: (0,33,123,206.961)  #00217BCF  srgba(0,33,123,0.811612)
42,18: (0,33,123,16.9961)  #00217B11  srgba(0,33,123,0.0666514)
43,18: (0,0,0,0)  #00000000  none
44,18: (0,0,0,0)  #00000000  none
45,18: (0,0,0,0)  #00000000  none
46,18: (0,0,0,0)  #00000000  none
47,18: (0,0,0,0)  #00000000  none
48,18: (0,0,0,0)  #00000000  none
49,18: (0,0,0,0)  #00000000  none
0,19: (0,0,0,0)  #00000000  none
1,19: (0,0,0,0)  #00000000  none
2,19: (0,0,0,0)  #00000000  none
3,19: (0,0,0,0)  #00000000  none
4,19: (0,0,0,0)  #00000000  none
5,19: (0,0,0,0)  #00000000  none
6,19: (0,33,123,0)  #00217B00  srgba(0,33,123,0)
7,19: (0,33,123,46.1634)  #00217B2E  srgba(0,33,123,0.181033)
8,19: (0,33,123,59.5214)  #00217B3C  srgba(0,33,123,0.233417)
9,19: (0,33,123,23.5837)  #00217B18  srgba(0,33,123,0.0924849)
10,19: (0,33,123,29.6693)  #00217B1E  srgba(0,33,123,0.11635)
11,19: (0,33,123,133.482)  #00217B85  srgba(0,33,123,0.523461)
12,19: (0,33,123,255)  #00217BFF  srgba(0,33,123,1)
13,19: (0,33,123,183.541)  #00217BB8  srgba(0,33,123,0.719768)
14,19: (0,33,123,24.4747)  #00217B18  srgba(0,33,123,0.0959792)
15,19: (0,33,123,209.125)  #00217BD1  srgba(0,33,123,0.820096)
16,19: (0,33,123,253.28)  #00217BFD  srgba(0,33,123,0.993256)
17,19: (0,33,123,76.5253)  #00217B4D  srgba(0,33,123,0.300099)
18,19: (0,0,0,0)  #00000000  none
19,19: (0,0,0,0)  #00000000  none
20,19: (0,33,123,116.206)  #00217B74  srgba(0,33,123,0.455711)
21,19: (0,33,123,255)  #00217BFF  srgba(0,33,123,1)
22,19: (0,33,123,175)  #00217BAF  srgba(0,33,123,0.686275)
23,19: (0,33,123,1.98833)  #00217B02  srgba(0,33,123,0.00779736)
24,19: (0,33,123,127.335)  #00217B7F  srgba(0,33,123,0.499351)
25,19: (0,33,123,255)  #00217BFF  srgba(0,33,123,1)
26,19: (0,33,123,207.307)  #00217BCF  srgba(0,33,123,0.81297)
27,19: (0,33,123,60.3502)  #00217B3C  srgba(0,33,123,0.236667)
28,19: (0,33,123,30.2646)  #00217B1E  srgba(0,33,123,0.118685)
29,19: (0,33,123,116.875)  #00217B75  srgba(0,33,123,0.458335)
30,19: (0,33,123,247.097)  #00217BF7  srgba(0,33,123,0.969009)
31,19: (0,33,123,230.634)  #00217BE7  srgba(0,33,123,0.904448)
32,19: (0,33,123,40.4514)  #00217B28  srgba(0,33,123,0.158633)
33,19: (0,33,123,59.3035)  #00217B3B  srgba(0,33,123,0.232563)
34,19: (0,33,123,245.272)  #00217BF5  srgba(0,33,123,0.961852)
35,19: (0,33,123,251.432)  #00217BFB  srgba(0,33,123,0.986007)
36,19: (0,33,123,137.942)  #00217B8A  srgba(0,33,123,0.540948)
37,19: (0,33,123,32.9805)  #00217B21  srgba(0,33,123,0.129335)
38,19: (0,33,123,49.8249)  #00217B32  srgba(0,33,123,0.195392)
39,19: (0,33,123,190.63)  #00217BBF  srgba(0,33,123,0.74757)
40,19: (0,33,123,255)  #00217BFF  srgba(0,33,123,1)
41,19: (0,33,123,159.996)  #00217BA0  srgba(0,33,123,0.627436)
42,19: (0,33,123,3.78599)  #00217B04  srgba(0,33,123,0.014847)
43,19: (0,0,0,0)  #00000000  none
44,19: (0,0,0,0)  #00000000  none
45,19: (0,0,0,0)  #00000000  none
46,19: (0,0,0,0)  #00000000  none
47,19: (0,0,0,0)  #00000000  none
48,19: (0,0,0,0)  #00000000  none
49,19: (0,0,0,0)  #00000000  none
0,20: (0,0,0,0)  #00000000  none
1,20: (0,0,0,0)  #00000000  none
2,20: (0,0,0,0)  #00000000  none
3,20: (0,0,0,0)  #00000000  none
4,20: (0,0,0,0)  #00000000  none
5,20: (0,0,0,0)  #00000000  none
6,20: (0,33,123,6.12451)  #00217B06  srgba(0,33,123,0.0240177)
7,20: (0,33,123,168.346)  #00217BA8  srgba(0,33,123,0.660182)
8,20: (0,33,123,245.198)  #00217BF5  srgba(0,33,123,0.961563)
9,20: (0,33,123,212.191)  #00217BD4  srgba(0,33,123,0.83212)
10,20: (0,33,123,199.393)  #00217BC7  srgba(0,33,123,0.781933)
11,20: (0,33,123,233.249)  #00217BE9  srgba(0,33,123,0.914702)
12,20: (0,33,123,249.089)  #00217BF9  srgba(0,33,123,0.976822)
13,20: (0,33,123,115.848)  #00217B74  srgba(0,33,123,0.454307)
14,20: (0,33,123,17.7315)  #00217B12  srgba(0,33,123,0.0695354)
15,20: (0,33,123,212.961)  #00217BD5  srgba(0,33,123,0.835142)
16,20: (0,33,123,255)  #00217BFF  srgba(0,33,123,1)
17,20: (0,33,123,77.8366)  #00217B4E  srgba(0,33,123,0.305241)
18,20: (0,0,0,0)  #00000000  none
19,20: (0,0,0,0)  #00000000  none
20,20: (0,33,123,118.171)  #00217B76  srgba(0,33,123,0.463416)
21,20: (0,33,123,255)  #00217BFF  srgba(0,33,123,1)
22,20: (0,33,123,178.012)  #00217BB2  srgba(0,33,123,0.698085)
23,20: (0,33,123,2.07004)  #00217B02  srgba(0,33,123,0.0081178)
24,20: (0,33,123,29.2724)  #00217B1D  srgba(0,33,123,0.114794)
25,20: (0,33,123,187.79)  #00217BBC  srgba(0,33,123,0.736431)
26,20: (0,33,123,255)  #00217BFF  srgba(0,33,123,1)
27,20: (0,33,123,241.191)  #00217BF1  srgba(0,33,123,0.945846)
28,20: (0,33,123,226.521)  #00217BE3  srgba(0,33,123,0.888319)
29,20: (0,33,123,253.276)  #00217BFD  srgba(0,33,123,0.99324)
30,20: (0,33,123,242.774)  #00217BF3  srgba(0,33,123,0.952056)
31,20: (0,33,123,114.661)  #00217B73  srgba(0,33,123,0.449653)
32,20: (0,33,123,2)  #00217B02  srgba(0,33,123,0.00784314)
33,20: (0,33,123,61.7237)  #00217B3E  srgba(0,33,123,0.242054)
34,20: (0,33,123,245.198)  #00217BF5  srgba(0,33,123,0.961563)
35,20: (0,33,123,252.405)  #00217BFC  srgba(0,33,123,0.989822)
36,20: (0,33,123,249.109)  #00217BF9  srgba(0,33,123,0.976898)
37,20: (0,33,123,228.685)  #00217BE5  srgba(0,33,123,0.896803)
38,20: (0,33,123,237.004)  #00217BED  srgba(0,33,123,0.929427)
39,20: (0,33,123,255)  #00217BFF  srgba(0,33,123,1)
40,20: (0,33,123,217.35)  #00217BD9  srgba(0,33,123,0.852354)
41,20: (0,33,123,53.2918)  #00217B35  srgba(0,33,123,0.208988)
42,20: (0,33,123,0)  #00217B00  srgba(0,33,123,0)
43,20: (0,0,0,0)  #00000000  none
44,20: (0,0,0,0)  #00000000  none
45,20: (0,0,0,0)  #00000000  none
46,20: (0,0,0,0)  #00000000  none
47,20: (0,0,0,0)  #00000000  none
48,20: (0,0,0,0)  #00000000  none
49,20: (0,0,0,0)  #00000000  none
0,21: (0,0,0,0)  #00000000  none
1,21: (0,0,0,0)  #00000000  none
2,21: (0,0,0,0)  #00000000  none
3,21: (0,0,0,0)  #00000000  none
4,21: (0,0,0,0)  #00000000  none
5,21: (0,0,0,0)  #00000000  none
6,21: (0,33,123,3.81323)  #00217B04  srgba(0,33,123,0.0149538)
7,21: (0,33,123,73.0195)  #00217B49  srgba(0,33,123,0.286351)
8,21: (0,33,123,149.848)  #00217B96  srgba(0,33,123,0.58764)
9,21: (0,33,123,189.21)  #00217BBD  srgba(0,33,123,0.742)
10,21: (0,33,123,196.903)  #00217BC5  srgba(0,33,123,0.772168)
11,21: (0,33,123,171.471)  #00217BAB  srgba(0,33,123,0.672435)
12,21: (0,33,123,96.3774)  #00217B60  srgba(0,33,123,0.377951)
13,21: (0,33,123,10.6342)  #00217B0B  srgba(0,33,123,0.0417029)
14,21: (0,33,123,11.821)  #00217B0C  srgba(0,33,123,0.0463569)
15,21: (0,33,123,142.529)  #00217B8F  srgba(0,33,123,0.558938)
16,21: (0,33,123,172.323)  #00217BAC  srgba(0,33,123,0.675776)
17,21: (0,33,123,52.0739)  #00217B34  srgba(0,33,123,0.204211)
18,21: (0,0,0,0)  #00000000  none
19,21: (0,0,0,0)  #00000000  none
20,21: (0,33,123,79.0623)  #00217B4F  srgba(0,33,123,0.310048)
21,21: (0,33,123,173.634)  #00217BAE  srgba(0,33,123,0.680919)
22,21: (0,33,123,119.093)  #00217B77  srgba(0,33,123,0.467033)
23,21: (0,33,123,2.54475)  #00217B03  srgba(0,33,123,0.0099794)
24,21: (0,33,123,0)  #00217B00  srgba(0,33,123,0)
25,21: (0,33,123,26.8288)  #00217B1B  srgba(0,33,123,0.105211)
26,21: (0,33,123,119.673)  #00217B78  srgba(0,33,123,0.469306)
27,21: (0,33,123,182.117)  #00217BB6  srgba(0,33,123,0.714183)
28,21: (0,33,123,194.638)  #00217BC3  srgba(0,33,123,0.763287)
29,21: (0,33,123,162.607)  #00217BA3  srgba(0,33,123,0.637675)
30,21: (0,33,123,78.3385)  #00217B4E  srgba(0,33,123,0.30721)
31,21: (0,33,123,5.42802)  #00217B05  srgba(0,33,123,0.0212863)
32,21: (0,33,123,0)  #00217B00  srgba(0,33,123,0)
33,21: (0,33,123,61.9455)  #00217B3E  srgba(0,33,123,0.242924)
34,21: (0,33,123,246.852)  #00217BF7  srgba(0,33,123,0.968048)
35,21: (0,33,123,226.311)  #00217BE2  srgba(0,33,123,0.887495)
36,21: (0,33,123,121.77)  #00217B7A  srgba(0,33,123,0.477531)
37,21: (0,33,123,180.101)  #00217BB4  srgba(0,33,123,0.706279)
38,21: (0,33,123,192.226)  #00217BC0  srgba(0,33,123,0.753826)
39,21: (0,33,123,147.58)  #00217B94  srgba(0,33,123,0.578744)
40,21: (0,33,123,49.5564)  #00217B32  srgba(0,33,123,0.194339)
41,21: (0,33,123,0)  #00217B00  srgba(0,33,123,0)
42,21: (0,33,123,0)  #00217B00  srgba(0,33,123,0)
43,21: (0,0,0,0)  #00000000  none
44,21: (0,0,0,0)  #00000000  none
45,21: (0,0,0,0)  #00000000  none
46,21: (0,0,0,0)  #00000000  none
47,21: (0,0,0,0)  #00000000  none
48,21: (0,0,0,0)  #00000000  none
49,21: (0,0,0,0)  #00000000  none
0,22: (0,0,0,0)  #00000000  none
1,22: (0,0,0,0)  #00000000  none
2,22: (0,0,0,0)  #00000000  none
3,22: (0,0,0,0)  #00000000  none
4,22: (0,0,0,0)  #00000000  none
5,22: (0,0,0,0)  #00000000  none
6,22: (0,33,123,0)  #00217B00  srgba(0,33,123,0)
7,22: (0,33,123,0)  #00217B00  srgba(0,33,123,0)
8,22: (0,33,123,0)  #00217B00  srgba(0,33,123,0)
9,22: (0,33,123,7.58755)  #00217B08  srgba(0,33,123,0.0297551)
10,22: (0,33,123,10.144)  #00217B0A  srgba(0,33,123,0.0397803)
11,22: (0,33,123,3.29572)  #00217B03  srgba(0,33,123,0.0129244)
12,22: (0,33,123,0)  #00217B00  srgba(0,33,123,0)
13,22: (0,33,123,0)  #00217B00  srgba(0,33,123,0)
14,22: (0,33,123,0.280156)  #00217B00  srgba(0,33,123,0.00109865)
15,22: (0,33,123,2.66926)  #00217B03  srgba(0,33,123,0.0104677)
16,22: (0,33,123,3.22957)  #00217B03  srgba(0,33,123,0.012665)
17,22: (0,33,123,0.976654)  #00217B01  srgba(0,33,123,0.00383001)
18,22: (0,0,0,0)  #00000000  none
19,22: (0,0,0,0)  #00000000  none
20,22: (0,33,123,1.48249)  #00217B01  srgba(0,33,123,0.00581369)
21,22: (0,33,123,3.28405)  #00217B03  srgba(0,33,123,0.0128786)
22,22: (0,33,123,2.22957)  #00217B02  srgba(0,33,123,0.00874342)
23,22: (0,33,123,0.0466926)  #00217B00  srgba(0,33,123,0.000183108)
24,22: (0,33,123,0)  #00217B00  srgba(0,33,123,0)
25,22: (0,33,123,0)  #00217B00  srgba(0,33,123,0)
26,22: (0,33,123,0)  #00217B00  srgba(0,33,123,0)
27,22: (0,33,123,6.11673)  #00217B06  srgba(0,33,123,0.0239872)
28,22: (0,33,123,9.82101)  #00217B0A  srgba(0,33,123,0.0385138)
29,22: (0,33,123,1.96498)  #00217B02  srgba(0,33,123,0.00770581)
30,22: (0,33,123,0)  #00217B00  srgba(0,33,123,0)
31,22: (0,33,123,0)  #00217B00  srgba(0,33,123,0)
32,22: (0,0,0,0)  #00000000  none
33,22: (0,33,123,61.9377)  #00217B3E  srgba(0,33,123,0.242893)
34,22: (0,33,123,247.307)  #00217BF7  srgba(0,33,123,0.969833)
35,22: (0,33,123,220.926)  #00217BDD  srgba(0,33,123,0.866377)
36,22: (0,33,123,24.9767)  #00217B19  srgba(0,33,123,0.0979477)
37,22: (0,33,123,5.64591)  #00217B06  srgba(0,33,123,0.0221408)
38,22: (0,33,123,9.18677)  #00217B09  srgba(0,33,123,0.0360266)
39,22: (0,33,123,0.0817121)  #00217B00  srgba(0,33,123,0.000320439)
40,22: (0,33,123,0)  #00217B00  srgba(0,33,123,0)
41,22: (0,33,123,0)  #00217B00  srgba(0,33,123,0)
42,22: (0,0,0,0)  #00000000  none
43,22: (0,0,0,0)  #00000000  none
44,22: (0,0,0,0)  #00000000  none
45,22: (0,0,0,0)  #00000000  none
46,22: (0,0,0,0)  #00000000  none
47,22: (0,0,0,0)  #00000000  none
48,22: (0,0,0,0)  #00000000  none
49,22: (0,0,0,0)  #00000000  none
0,23: (0,0,0,0)  #00000000  none
1,23: (0,0,0,0)  #00000000  none
2,23: (0,0,0,0)  #00000000  none
3,23: (0,0,0,0)  #00000000  none
4,23: (0,0,0,0)  #00000000  none
5,23: (0,0,0,0)  #00000000  none
6,23: (0,0,0,0)  #00000000  none
7,23: (0,33,123,0)  #00217B00  srgba(0,33,123,0)
8,23: (0,33,123,0)  #00217B00  srgba(0,33,123,0)
9,23: (0,33,123,0)  #00217B00  srgba(0,33,123,0)
10,23: (0,33,123,0)  #00217B00  srgba(0,33,123,0)
11,23: (0,33,123,0)  #00217B00  srgba(0,33,123,0)
12,23: (0,33,123,0)  #00217B00  srgba(0,33,123,0)
13,23: (0,0,0,0)  #00000000  none
14,23: (0,33,123,0)  #00217B00  srgba(0,33,123,0)
15,23: (0,33,123,0)  #00217B00  srgba(0,33,123,0)
16,23: (0,33,123,0)  #00217B00  srgba(0,33,123,0)
17,23: (0,33,123,0)  #00217B00  srgba(0,33,123,0)
18,23: (0,0,0,0)  #00000000  none
19,23: (0,0,0,0)  #00000000  none
20,23: (0,33,123,0)  #00217B00  srgba(0,33,123,0)
21,23: (0,33,123,0)  #00217B00  srgba(0,33,123,0)
22,23: (0,33,123,0)  #00217B00  srgba(0,33,123,0)
23,23: (0,33,123,0)  #00217B00  srgba(0,33,123,0)
24,23: (0,0,0,0)  #00000000  none
25,23: (0,0,0,0)  #00000000  none
26,23: (0,33,123,0)  #00217B00  srgba(0,33,123,0)
27,23: (0,33,123,0)  #00217B00  srgba(0,33,123,0)
28,23: (0,33,123,0)  #00217B00  srgba(0,33,123,0)
29,23: (0,33,123,0)  #00217B00  srgba(0,33,123,0)
30,23: (0,33,123,0)  #00217B00  srgba(0,33,123,0)
31,23: (0,0,0,0)  #00000000  none
32,23: (0,0,0,0)  #00000000  none
33,23: (0,33,123,61.6732)  #00217B3E  srgba(0,33,123,0.241855)
34,23: (0,33,123,246.218)  #00217BF6  srgba(0,33,123,0.96556)
35,23: (0,33,123,220.412)  #00217BDC  srgba(0,33,123,0.864363)
36,23: (0,33,123,27.3424)  #00217B1B  srgba(0,33,123,0.107225)
37,23: (0,33,123,0)  #00217B00  srgba(0,33,123,0)
38,23: (0,33,123,0)  #00217B00  srgba(0,33,123,0)
39,23: (0,33,123,0)  #00217B00  srgba(0,33,123,0)
40,23: (0,33,123,0)  #00217B00  srgba(0,33,123,0)
41,23: (0,0,0,0)  #00000000  none
42,23: (0,0,0,0)  #00000000  none
43,23: (0,0,0,0)  #00000000  none
44,23: (0,0,0,0)  #00000000  none
45,23: (0,0,0,0)  #00000000  none
46,23: (0,0,0,0)  #00000000  none
47,23: (0,0,0,0)  #00000000  none
48,23: (0,0,0,0)  #00000000  none
49,23: (0,0,0,0)  #00000000  none
0,24: (0,0,0,0)  #00000000  none
1,24: (0,0,0,0)  #00000000  none
2,24: (0,0,0,0)  #00000000  none
3,24: (0,0,0,0)  #00000000  none
4,24: (0,0,0,0)  #00000000  none
5,24: (0,0,0,0)  #00000000  none
6,24: (0,0,0,0)  #00000000  none
7,24: (0,0,0,0)  #00000000  none
8,24: (0,0,0,0)  #00000000  none
9,24: (0,0,0,0)  #00000000  none
10,24: (0,0,0,0)  #00000000  none
11,24: (0,0,0,0)  #00000000  none
12,24: (0,0,0,0)  #00000000  none
13,24: (0,0,0,0)  #00000000  none
14,24: (0,0,0,0)  #00000000  none
15,24: (0,0,0,0)  #00000000  none
16,24: (0,0,0,0)  #00000000  none
17,24: (0,0,0,0)  #00000000  none
18,24: (0,0,0,0)  #00000000  none
19,24: (0,0,0,0)  #00000000  none
20,24: (0,0,0,0)  #00000000  none
21,24: (0,0,0,0)  #00000000  none
22,24: (0,0,0,0)  #00000000  none
23,24: (0,0,0,0)  #00000000  none
24,24: (0,0,0,0)  #00000000  none
25,24: (0,0,0,0)  #00000000  none
26,24: (0,0,0,0)  #00000000  none
27,24: (0,0,0,0)  #00000000  none
28,24: (0,0,0,0)  #00000000  none
29,24: (0,0,0,0)  #00000000  none
30,24: (0,0,0,0)  #00000000  none
31,24: (0,0,0,0)  #00000000  none
32,24: (0,0,0,0)  #00000000  none
33,24: (0,33,123,28.1868)  #00217B1C  srgba(0,33,123,0.110536)
34,24: (0,33,123,112.525)  #00217B71  srgba(0,33,123,0.441276)
35,24: (0,33,123,100.732)  #00217B65  srgba(0,33,123,0.395026)
36,24: (0,33,123,12.5019)  #00217B0D  srgba(0,33,123,0.0490272)
37,24: (0,0,0,0)  #00000000  none
38,24: (0,0,0,0)  #00000000  none
39,24: (0,0,0,0)  #00000000  none
40,24: (0,0,0,0)  #00000000  none
41,24: (0,0,0,0)  #00000000  none
42,24: (0,0,0,0)  #00000000  none
43,24: (0,0,0,0)  #00000000  none
44,24: (0,0,0,0)  #00000000  none
45,24: (0,0,0,0)  #00000000  none
46,24: (0,0,0,0)  #00000000  none
47,24: (0,0,0,0)  #00000000  none
48,24: (0,0,0,0)  #00000000  none
49,24: (0,0,0,0)  #00000000  none
