# ImageMagick pixel enumeration: 41,20,255,srgba
0,0: (0,33,123,255)  #00217BFF  srgba(0,33,123,1)
1,0: (0,33,123,197.712)  #00217BC6  srgba(0,33,123,0.775341)
2,0: (0,33,123,11.7938)  #00217B0C  srgba(0,33,123,0.0462501)
3,0: (0,33,123,0)  #00217B00  srgba(0,33,123,0)
4,0: (0,0,0,0)  #00000000  none
5,0: (0,0,0,0)  #00000000  none
6,0: (0,0,0,0)  #00000000  none
7,0: (0,0,0,0)  #00000000  none
8,0: (0,0,0,0)  #00000000  none
9,0: (0,0,0,0)  #00000000  none
10,0: (0,0,0,0)  #00000000  none
11,0: (0,0,0,0)  #00000000  none
12,0: (0,0,0,0)  #00000000  none
13,0: (0,33,123,0)  #00217B00  srgba(0,33,123,0)
14,0: (0,33,123,3.77432)  #00217B04  srgba(0,33,123,0.0148013)
15,0: (0,33,123,176.77)  #00217BB1  srgba(0,33,123,0.693217)
16,0: (0,33,123,239.65)  #00217BF0  srgba(0,33,123,0.939803)
17,0: (0,33,123,40.1751)  #00217B28  srgba(0,33,123,0.157549)
18,0: (0,33,123,68.3191)  #00217B44  srgba(0,33,123,0.267918)
19,0: (0,33,123,252.879)  #00217BFD  srgba(0,33,123,0.991684)
20,0: (0,33,123,143.603)  #00217B90  srgba(0,33,123,0.563149)
21,0: (0,33,123,0)  #00217B00  srgba(0,33,123,0)
22,0: (0,33,123,0)  #00217B00  srgba(0,33,123,0)
23,0: (0,0,0,0)  #00000000  none
24,0: (0,0,0,0)  #00000000  none
25,0: (0,0,0,0)  #00000000  none
26,0: (0,0,0,0)  #00000000  none
27,0: (0,33,123,0)  #00217B00  srgba(0,33,123,0)
28,0: (0,33,123,0.0894942)  #00217B00  srgba(0,33,123,0.000350958)
29,0: (0,33,123,159.911)  #00217BA0  srgba(0,33,123,0.6271)
30,0: (0,33,123,247.451)  #00217BF7  srgba(0,33,123,0.970397)
31,0: (0,33,123,57.4825)  #00217B39  srgba(0,33,123,0.225422)
32,0: (0,33,123,0)  #00217B00  srgba(0,33,123,0)
33,0: (0,0,0,0)  #00000000  none
34,0: (0,0,0,0)  #00000000  none
35,0: (0,33,123,0)  #00217B00  srgba(0,33,123,0)
36,0: (0,33,123,1.29183)  #00217B01  srgba(0,33,123,0.005066)
37,0: (0,33,123,28.4942)  #00217B1C  srgba(0,33,123,0.111742)
38,0: (0,33,123,34.1907)  #00217B22  srgba(0,33,123,0.134081)
39,0: (0,33,123,4.87549)  #00217B05  srgba(0,33,123,0.0191196)
40,0: (0,33,123,0)  #00217B00  srgba(0,33,123,0)
0,1: (0,33,123,255)  #00217BFF  srgba(0,33,123,1)
1,1: (0,33,123,197.685)  #00217BC6  srgba(0,33,123,0.775235)
2,1: (0,33,123,12.0934)  #00217B0C  srgba(0,33,123,0.047425)
3,1: (0,33,123,2.64591)  #00217B03  srgba(0,33,123,0.0103761)
4,1: (0,33,123,1.42023)  #00217B01  srgba(0,33,123,0.00556954)
5,1: (0,33,123,0)  #00217B00  srgba(0,33,123,0)
6,1: (0,0,0,0)  #00000000  none
7,1: (0,0,0,0)  #00000000  none
8,1: (0,33,123,0)  #00217B00  srgba(0,33,123,0)
9,1: (0,33,123,0.159533)  #00217B00  srgba(0,33,123,0.00062562)
10,1: (0,33,123,3.18288)  #00217B03  srgba(0,33,123,0.0124819)
11,1: (0,33,123,2.10117)  #00217B02  srgba(0,33,123,0.00823987)
12,1: (0,33,123,0)  #00217B00  srgba(0,33,123,0)
13,1: (0,33,123,0)  #00217B00  srgba(0,33,123,0)
14,1: (0,33,123,3.77432)  #00217B04  srgba(0,33,123,0.0148013)
15,1: (0,33,123,176.77)  #00217BB1  srgba(0,33,123,0.693217)
16,1: (0,33,123,239.65)  #00217BF0  srgba(0,33,123,0.939803)
17,1: (0,33,123,40.1751)  #00217B28  srgba(0,33,123,0.157549)
18,1: (0,33,123,68.3191)  #00217B44  srgba(0,33,123,0.267918)
19,1: (0,33,123,252.879)  #00217BFD  srgba(0,33,123,0.991684)
20,1: (0,33,123,143.603)  #00217B90  srgba(0,33,123,0.563149)
21,1: (0,33,123,0)  #00217B00  srgba(0,33,123,0)
22,1: (0,33,123,0)  #00217B00  srgba(0,33,123,0)
23,1: (0,33,123,0.552529)  #00217B01  srgba(0,33,123,0.00216678)
24,1: (0,33,123,3.77821)  #00217B04  srgba(0,33,123,0.0148165)
25,1: (0,33,123,2.0428)  #00217B02  srgba(0,33,123,0.00801099)
26,1: (0,33,123,0)  #00217B00  srgba(0,33,123,0)
27,1: (0,33,123,0)  #00217B00  srgba(0,33,123,0)
28,1: (0,33,123,0.0894942)  #00217B00  srgba(0,33,123,0.000350958)
29,1: (0,33,123,159.911)  #00217BA0  srgba(0,33,123,0.6271)
30,1: (0,33,123,247.451)  #00217BF7  srgba(0,33,123,0.970397)
31,1: (0,33,123,57.4825)  #00217B39  srgba(0,33,123,0.225422)
32,1: (0,33,123,0)  #00217B00  srgba(0,33,123,0)
33,1: (0,33,123,0.0622568)  #00217B00  srgba(0,33,123,0.000244144)
34,1: (0,33,123,0.389105)  #00217B00  srgba(0,33,123,0.0015259)
35,1: (0,33,123,1.67704)  #00217B02  srgba(0,33,123,0.00657664)
36,1: (0,33,123,8.03113)  #00217B08  srgba(0,33,123,0.0314946)
37,1: (0,33,123,169.179)  #00217BA9  srgba(0,33,123,0.663447)
38,1: (0,33,123,203.082)  #00217BCB  srgba(0,33,123,0.796399)
39,1: (0,33,123,28.9572)  #00217B1D  srgba(0,33,123,0.113558)
40,1: (0,33,123,0)  #00217B00  srgba(0,33,123,0)
0,2: (0,33,123,254.693)  #00217BFF  srgba(0,33,123,0.998795)
1,2: (0,33,123,210.802)  #00217BD3  srgba(0,33,123,0.826673)
2,2: (0,33,123,128.973)  #00217B81  srgba(0,33,123,0.505776)
3,2: (0,33,123,178.023)  #00217BB2  srgba(0,33,123,0.698131)
4,2: (0,33,123,155.619)  #00217B9C  srgba(0,33,123,0.610269)
5,2: (0,33,123,64.2374)  #00217B40  srgba(0,33,123,0.251911)
6,2: (0,33,123,1.60311)  #00217B02  srgba(0,33,123,0.00628672)
7,2: (0,33,123,0)  #00217B00  srgba(0,33,123,0)
8,2: (0,33,123,25.8054)  #00217B1A  srgba(0,33,123,0.101198)
9,2: (0,33,123,120.319)  #00217B78  srgba(0,33,123,0.471839)
10,2: (0,33,123,177.323)  #00217BB1  srgba(0,33,123,0.695384)
11,2: (0,33,123,167.529)  #00217BA8  srgba(0,33,123,0.656977)
12,2: (0,33,123,89.3774)  #00217B59  srgba(0,33,123,0.3505)
13,2: (0,33,123,8.25292)  #00217B08  srgba(0,33,123,0.0323644)
14,2: (0,33,123,3.21401)  #00217B03  srgba(0,33,123,0.012604)
15,2: (0,33,123,176.77)  #00217BB1  srgba(0,33,123,0.693217)
16,2: (0,33,123,239.65)  #00217BF0  srgba(0,33,123,0.939803)
17,2: (0,33,123,40.1751)  #00217B28  srgba(0,33,123,0.157549)
18,2: (0,33,123,68.3191)  #00217B44  srgba(0,33,123,0.267918)
19,2: (0,33,123,252.879)  #00217BFD  srgba(0,33,123,0.991684)
20,2: (0,33,123,143.416)  #00217B8F  srgba(0,33,123,0.562417)
21,2: (0,33,123,0)  #00217B00  srgba(0,33,123,0)
22,2: (0,33,123,68.4708)  #00217B44  srgba(0,33,123,0.268513)
23,2: (0,33,123,149.249)  #00217B95  srgba(0,33,123,0.58529)
24,2: (0,33,123,180.44)  #00217BB4  srgba(0,33,123,0.707607)
25,2: (0,33,123,166.879)  #00217BA7  srgba(0,33,123,0.654429)
26,2: (0,33,123,92.3191)  #00217B5C  srgba(0,33,123,0.362036)
27,2: (0,33,123,8.393)  #00217B08  srgba(0,33,123,0.0329137)
28,2: (0,33,123,0)  #00217B00  srgba(0,33,123,0)
29,2: (0,33,123,159.911)  #00217BA0  srgba(0,33,123,0.6271)
30,2: (0,33,123,247.451)  #00217BF7  srgba(0,33,123,0.970397)
31,2: (0,33,123,57.1362)  #00217B39  srgba(0,33,123,0.224063)
32,2: (0,33,123,0.715953)  #00217B01  srgba(0,33,123,0.00280766)
33,2: (0,33,123,94.0389)  #00217B5E  srgba(0,33,123,0.36878)
34,2: (0,33,123,163.089)  #00217BA3  srgba(0,33,123,0.639567)
35,2: (0,33,123,93.2101)  #00217B5D  srgba(0,33,123,0.36553)
36,2: (0,33,123,100.58)  #00217B65  srgba(0,33,123,0.39443)
37,2: (0,33,123,226.537)  #00217BE3  srgba(0,33,123,0.88838)
38,2: (0,33,123,243.113)  #00217BF3  srgba(0,33,123,0.953384)
39,2: (0,33,123,149.101)  #00217B95  srgba(0,33,123,0.58471)
40,2: (0,33,123,82.1556)  #00217B52  srgba(0,33,123,0.322179)
0,3: (0,33,123,251.852)  #00217BFC  srgba(0,33,123,0.987655)
1,3: (0,33,123,253.086)  #00217BFD  srgba(0,33,123,0.992493)
2,3: (0,33,123,224.292)  #00217BE0  srgba(0,33,123,0.879576)
3,3: (0,33,123,195.043)  #00217BC3  srgba(0,33,123,0.764874)
4,3: (0,33,123,239.459)  #00217BEF  srgba(0,33,123,0.939055)
5,3: (0,33,123,230.996)  #00217BE7  srgba(0,33,123,0.905867)
6,3: (0,33,123,65.9222)  #00217B42  srgba(0,33,123,0.258518)
7,3: (0,33,123,16.0272)  #00217B10  srgba(0,33,123,0.0628519)
8,3: (0,33,123,178.642)  #00217BB3  srgba(0,33,123,0.700557)
9,3: (0,33,123,239.755)  #00217BF0  srgba(0,33,123,0.940215)
10,3: (0,33,123,175.572)  #00217BB0  srgba(0,33,123,0.688518)
11,3: (0,33,123,193.128)  #00217BC1  srgba(0,33,123,0.757366)
12,3: (0,33,123,243.012)  #00217BF3  srgba(0,33,123,0.952987)
13,3: (0,33,123,115.696)  #00217B74  srgba(0,33,123,0.453712)
14,3: (0,33,123,3.84047)  #00217B04  srgba(0,33,123,0.0150607)
15,3: (0,33,123,176.63)  #00217BB1  srgba(0,33,123,0.692668)
16,3: (0,33,123,239.65)  #00217BF0  srgba(0,33,123,0.939803)
17,3: (0,33,123,40.1751)  #00217B28  srgba(0,33,123,0.157549)
18,3: (0,33,123,68.3191)  #00217B44  srgba(0,33,123,0.267918)
19,3: (0,33,123,252.879)  #00217BFD  srgba(0,33,123,0.991684)
20,3: (0,33,123,143.284)  #00217B8F  srgba(0,33,123,0.561898)
21,3: (0,33,123,1.70039)  #00217B02  srgba(0,33,123,0.00666819)
22,3: (0,33,123,154.844)  #00217B9B  srgba(0,33,123,0.607233)
23,3: (0,33,123,211.685)  #00217BD4  srgba(0,33,123,0.830137)
24,3: (0,33,123,178.646)  #00217BB3  srgba(0,33,123,0.700572)
25,3: (0,33,123,221.362)  #00217BDD  srgba(0,33,123,0.868086)
26,3: (0,33,123,247.405)  #00217BF7  srgba(0,33,123,0.970214)
27,3: (0,33,123,97.9533)  #00217B62  srgba(0,33,123,0.384131)
28,3: (0,33,123,0)  #00217B00  srgba(0,33,123,0)
29,3: (0,33,123,159.899)  #00217BA0  srgba(0,33,123,0.627054)
30,3: (0,33,123,247)  #00217BF7  srgba(0,33,123,0.968627)
31,3: (0,33,123,62.7821)  #00217B3F  srgba(0,33,123,0.246204)
32,3: (0,33,123,108.879)  #00217B6D  srgba(0,33,123,0.426978)
33,3: (0,33,123,242.638)  #00217BF3  srgba(0,33,123,0.951522)
34,3: (0,33,123,187.852)  #00217BBC  srgba(0,33,123,0.736675)
35,3: (0,33,123,38.5292)  #00217B27  srgba(0,33,123,0.151095)
36,3: (0,33,123,150.7)  #00217B97  srgba(0,33,123,0.590982)
37,3: (0,33,123,247.346)  #00217BF7  srgba(0,33,123,0.969986)
38,3: (0,33,123,250.685)  #00217BFB  srgba(0,33,123,0.983078)
39,3: (0,33,123,217.988)  #00217BDA  srgba(0,33,123,0.854856)
40,3: (0,33,123,132.307)  #00217B84  srgba(0,33,123,0.518853)
0,4: (0,33,123,253.537)  #00217BFE  srgba(0,33,123,0.994263)
1,4: (0,33,123,229.809)  #00217BE6  srgba(0,33,123,0.901213)
2,4: (0,33,123,59.4202)  #00217B3B  srgba(0,33,123,0.233021)
3,4: (0,33,123,4.98833)  #00217B05  srgba(0,33,123,0.0195621)
4,4: (0,33,123,97.323)  #00217B61  srgba(0,33,123,0.381659)
5,4: (0,33,123,252.019)  #00217BFC  srgba(0,33,123,0.988312)
6,4: (0,33,123,157.479)  #00217B9D  srgba(0,33,123,0.617563)
7,4: (0,33,123,88.0778)  #00217B58  srgba(0,33,123,0.345403)
8,4: (0,33,123,252.288)  #00217BFC  srgba(0,33,123,0.989364)
9,4: (0,33,123,160.206)  #00217BA0  srgba(0,33,123,0.62826)
10,4: (0,33,123,46.786)  #00217B2F  srgba(0,33,123,0.183474)
11,4: (0,33,123,62.821)  #00217B3F  srgba(0,33,123,0.246357)
12,4: (0,33,123,209.23)  #00217BD1  srgba(0,33,123,0.820508)
13,4: (0,33,123,215.794)  #00217BD8  srgba(0,33,123,0.84625)
14,4: (0,33,123,28.4125)  #00217B1C  srgba(0,33,123,0.111421)
15,4: (0,33,123,175.187)  #00217BAF  srgba(0,33,123,0.687007)
16,4: (0,33,123,239.65)  #00217BF0  srgba(0,33,123,0.939803)
17,4: (0,33,123,40.1751)  #00217B28  srgba(0,33,123,0.157549)
18,4: (0,33,123,68.3191)  #00217B44  srgba(0,33,123,0.267918)
19,4: (0,33,123,252.879)  #00217BFD  srgba(0,33,123,0.991684)
20,4: (0,33,123,143.603)  #00217B90  srgba(0,33,123,0.563149)
21,4: (0,33,123,0)  #00217B00  srgba(0,33,123,0)
22,4: (0,33,123,29.1907)  #00217B1D  srgba(0,33,123,0.114473)
23,4: (0,33,123,50.2218)  #00217B32  srgba(0,33,123,0.196948)
24,4: (0,33,123,45.0311)  #00217B2D  srgba(0,33,123,0.176593)
25,4: (0,33,123,107.07)  #00217B6B  srgba(0,33,123,0.419883)
26,4: (0,33,123,250.455)  #00217BFA  srgba(0,33,123,0.982177)
27,4: (0,33,123,168.953)  #00217BA9  srgba(0,33,123,0.662562)
28,4: (0,33,123,2.53307)  #00217B03  srgba(0,33,123,0.00993362)
29,4: (0,33,123,159.518)  #00217BA0  srgba(0,33,123,0.625559)
30,4: (0,33,123,248.942)  #00217BF9  srgba(0,33,123,0.976242)
31,4: (0,33,123,172.77)  #00217BAD  srgba(0,33,123,0.677531)
32,4: (0,33,123,243.654)  #00217BF4  srgba(0,33,123,0.955505)
33,4: (0,33,123,192.521)  #00217BC1  srgba(0,33,123,0.754986)
34,4: (0,33,123,31.4591)  #00217B1F  srgba(0,33,123,0.123369)
35,4: (0,33,123,0)  #00217B00  srgba(0,33,123,0)
36,4: (0,33,123,20.358)  #00217B14  srgba(0,33,123,0.0798352)
37,4: (0,33,123,196.424)  #00217BC4  srgba(0,33,123,0.770291)
38,4: (0,33,123,231.946)  #00217BE8  srgba(0,33,123,0.90959)
39,4: (0,33,123,47.9027)  #00217B30  srgba(0,33,123,0.187854)
40,4: (0,33,123,8.51751)  #00217B09  srgba(0,33,123,0.033402)
0,5: (0,33,123,255)  #00217BFF  srgba(0,33,123,1)
1,5: (0,33,123,199.549)  #00217BC8  srgba(0,33,123,0.782544)
2,5: (0,33,123,13.0233)  #00217B0D  srgba(0,33,123,0.0510719)
3,5: (0,33,123,0)  #00217B00  srgba(0,33,123,0)
4,5: (0,33,123,41.1751)  #00217B29  srgba(0,33,123,0.161471)
5,5: (0,33,123,236.7)  #00217BED  srgba(0,33,123,0.928237)
6,5: (0,33,123,184.751)  #00217BB9  srgba(0,33,123,0.724514)
7,5: (0,33,123,123.84)  #00217B7C  srgba(0,33,123,0.485649)
8,5: (0,33,123,255)  #00217BFF  srgba(0,33,123,1)
9,5: (0,33,123,218.918)  #00217BDB  srgba(0,33,123,0.858503)
10,5: (0,33,123,197.817)  #00217BC6  srgba(0,33,123,0.775753)
11,5: (0,33,123,198.813)  #00217BC7  srgba(0,33,123,0.77966)
12,5: (0,33,123,211.21)  #00217BD3  srgba(0,33,123,0.828275)
13,5: (0,33,123,202.553)  #00217BCB  srgba(0,33,123,0.794324)
14,5: (0,33,123,39.6809)  #00217B28  srgba(0,33,123,0.155612)
15,5: (0,33,123,174.471)  #00217BAE  srgba(0,33,123,0.684199)
16,5: (0,33,123,239.65)  #00217BF0  srgba(0,33,123,0.939803)
17,5: (0,33,123,40.1751)  #00217B28  srgba(0,33,123,0.157549)
18,5: (0,33,123,68.3191)  #00217B44  srgba(0,33,123,0.267918)
19,5: (0,33,123,252.879)  #00217BFD  srgba(0,33,123,0.991684)
20,5: (0,33,123,142.988)  #00217B8F  srgba(0,33,123,0.560739)
21,5: (0,33,123,6.38911)  #00217B06  srgba(0,33,123,0.0250553)
22,5: (0,33,123,130.136)  #00217B82  srgba(0,33,123,0.510338)
23,5: (0,33,123,214.591)  #00217BD7  srgba(0,33,123,0.841535)
24,5: (0,33,123,204.16)  #00217BCC  srgba(0,33,123,0.800626)
25,5: (0,33,123,207.043)  #00217BCF  srgba(0,33,123,0.811933)
26,5: (0,33,123,253.992)  #00217BFE  srgba(0,33,123,0.996048)
27,5: (0,33,123,179.381)  #00217BB3  srgba(0,33,123,0.703456)
28,5: (0,33,123,4.94942)  #00217B05  srgba(0,33,123,0.0194095)
29,5: (0,33,123,158.883)  #00217B9F  srgba(0,33,123,0.623072)
30,5: (0,33,123,255)  #00217BFF  srgba(0,33,123,1)
31,5: (0,33,123,253.658)  #00217BFE  srgba(0,33,123,0.994736)
32,5: (0,33,123,255)  #00217BFF  srgba(0,33,123,1)
33,5: (0,33,123,181.545)  #00217BB6  srgba(0,33,123,0.71194)
34,5: (0,33,123,17.2062)  #00217B11  srgba(0,33,123,0.0674754)
35,5: (0,33,123,0)  #00217B00  srgba(0,33,123,0)
36,5: (0,33,123,8.71206)  #00217B09  srgba(0,33,123,0.034165)
37,5: (0,33,123,191.926)  #00217BC0  srgba(0,33,123,0.752651)
38,5: (0,33,123,230.268)  #00217BE6  srgba(0,33,123,0.903014)
39,5: (0,33,123,32.8327)  #00217B21  srgba(0,33,123,0.128756)
40,5: (0,33,123,0)  #00217B00  srgba(0,33,123,0)
0,6: (0,33,123,253.339)  #00217BFD  srgba(0,33,123,0.993484)
1,6: (0,33,123,232.732)  #00217BE9  srgba(0,33,123,0.912673)
2,6: (0,33,123,67.9533)  #00217B44  srgba(0,33,123,0.266484)
3,6: (0,33,123,10.4125)  #00217B0A  srgba(0,33,123,0.0408331)
4,6: (0,33,123,105.84)  #00217B6A  srgba(0,33,123,0.415061)
5,6: (0,33,123,253.105)  #00217BFD  srgba(0,33,123,0.992569)
6,6: (0,33,123,153.681)  #00217B9A  srgba(0,33,123,0.60267)
7,6: (0,33,123,83.6848)  #00217B54  srgba(0,33,123,0.328176)
8,6: (0,33,123,251.233)  #00217BFB  srgba(0,33,123,0.985229)
9,6: (0,33,123,175.696)  #00217BB0  srgba(0,33,123,0.689006)
10,6: (0,33,123,49.3696)  #00217B31  srgba(0,33,123,0.193606)
11,6: (0,33,123,42.4163)  #00217B2A  srgba(0,33,123,0.166339)
12,6: (0,33,123,77.7276)  #00217B4E  srgba(0,33,123,0.304814)
13,6: (0,33,123,38.1518)  #00217B26  srgba(0,33,123,0.149615)
14,6: (0,33,123,7.58755)  #00217B08  srgba(0,33,123,0.0297551)
15,6: (0,33,123,176.479)  #00217BB0  srgba(0,33,123,0.692073)
16,6: (0,33,123,239.65)  #00217BF0  srgba(0,33,123,0.939803)
17,6: (0,33,123,40.1751)  #00217B28  srgba(0,33,123,0.157549)
18,6: (0,33,123,68.3191)  #00217B44  srgba(0,33,123,0.267918)
19,6: (0,33,123,252.879)  #00217BFD  srgba(0,33,123,0.991684)
20,6: (0,33,123,140.607)  #00217B8D  srgba(0,33,123,0.5514)
21,6: (0,33,123,46.0272)  #00217B2E  srgba(0,33,123,0.180499)
22,6: (0,33,123,240.128)  #00217BF0  srgba(0,33,123,0.94168)
23,6: (0,33,123,183.292)  #00217BB7  srgba(0,33,123,0.718791)
24,6: (0,33,123,32.3424)  #00217B20  srgba(0,33,123,0.126833)
25,6: (0,33,123,79.07)  #00217B4F  srgba(0,33,123,0.310079)
26,6: (0,33,123,245.253)  #00217BF5  srgba(0,33,123,0.961776)
27,6: (0,33,123,180.016)  #00217BB4  srgba(0,33,123,0.705943)
28,6: (0,33,123,4.96498)  #00217B05  srgba(0,33,123,0.0194705)
29,6: (0,33,123,158.996)  #00217B9F  srgba(0,33,123,0.623514)
30,6: (0,33,123,255)  #00217BFF  srgba(0,33,123,1)
31,6: (0,33,123,163.868)  #00217BA4  srgba(0,33,123,0.642618)
32,6: (0,33,123,168.058)  #00217BA8  srgba(0,33,123,0.659052)
33,6: (0,33,123,253.331)  #00217BFD  srgba(0,33,123,0.993454)
34,6: (0,33,123,137.3)  #00217B89  srgba(0,33,123,0.53843)
35,6: (0,33,123,4.88327)  #00217B05  srgba(0,33,123,0.0191501)
36,6: (0,33,123,7.3463)  #00217B07  srgba(0,33,123,0.028809)
37,6: (0,33,123,188.981)  #00217BBD  srgba(0,33,123,0.7411)
38,6: (0,33,123,235.829)  #00217BEC  srgba(0,33,123,0.924819)
39,6: (0,33,123,48.1167)  #00217B30  srgba(0,33,123,0.188693)
40,6: (0,33,123,7.22957)  #00217B07  srgba(0,33,123,0.0283513)
0,7: (0,33,123,252.012)  #00217BFC  srgba(0,33,123,0.988281)
1,7: (0,33,123,249.996)  #00217BFA  srgba(0,33,123,0.980377)
2,7: (0,33,123,228.879)  #00217BE5  srgba(0,33,123,0.897566)
3,7: (0,33,123,206.482)  #00217BCE  srgba(0,33,123,0.809735)
4,7: (0,33,123,243.77)  #00217BF4  srgba(0,33,123,0.955962)
5,7: (0,33,123,224.837)  #00217BE1  srgba(0,33,123,0.881712)
6,7: (0,33,123,59.5214)  #00217B3C  srgba(0,33,123,0.233417)
7,7: (0,33,123,12.7588)  #00217B0D  srgba(0,33,123,0.0500343)
8,7: (0,33,123,166.14)  #00217BA6  srgba(0,33,123,0.65153)
9,7: (0,33,123,247.829)  #00217BF8  srgba(0,33,123,0.971878)
10,7: (0,33,123,209.525)  #00217BD2  srgba(0,33,123,0.821668)
11,7: (0,33,123,199.829)  #00217BC8  srgba(0,33,123,0.783642)
12,7: (0,33,123,230.432)  #00217BE6  srgba(0,33,123,0.903655)
13,7: (0,33,123,88.6693)  #00217B59  srgba(0,33,123,0.347723)
14,7: (0,33,123,0.836576)  #00217B01  srgba(0,33,123,0.00328069)
15,7: (0,33,123,176.763)  #00217BB1  srgba(0,33,123,0.693187)
16,7: (0,33,123,239.65)  #00217BF0  srgba(0,33,123,0.939803)
17,7: (0,33,123,40.1751)  #00217B28  srgba(0,33,123,0.157549)
18,7: (0,33,123,68.3191)  #00217B44  srgba(0,33,123,0.267918)
19,7: (0,33,123,252.879)  #00217BFD  srgba(0,33,123,0.991684)
20,7: (0,33,123,141.549)  #00217B8E  srgba(0,33,123,0.555093)
21,7: (0,33,123,30.2763)  #00217B1E  srgba(0,33,123,0.11873)
22,7: (0,33,123,216.518)  #00217BD9  srgba(0,33,123,0.849088)
23,7: (0,33,123,228.389)  #00217BE4  srgba(0,33,123,0.895644)
24,7: (0,33,123,151.416)  #00217B97  srgba(0,33,123,0.59379)
25,7: (0,33,123,191.545)  #00217BC0  srgba(0,33,123,0.751156)
26,7: (0,33,123,254.261)  #00217BFE  srgba(0,33,123,0.997101)
27,7: (0,33,123,179.521)  #00217BB4  srgba(0,33,123,0.704005)
28,7: (0,33,123,4.98444)  #00217B05  srgba(0,33,123,0.0195468)
29,7: (0,33,123,159.572)  #00217BA0  srgba(0,33,123,0.625772)
30,7: (0,33,123,248.556)  #00217BF9  srgba(0,33,123,0.974731)
31,7: (0,33,123,59.572)  #00217B3C  srgba(0,33,123,0.233616)
32,7: (0,33,123,25.8482)  #00217B1A  srgba(0,33,123,0.101366)
33,7: (0,33,123,194.735)  #00217BC3  srgba(0,33,123,0.763668)
34,7: (0,33,123,247.37)  #00217BF7  srgba(0,33,123,0.970077)
35,7: (0,33,123,100.879)  #00217B65  srgba(0,33,123,0.395605)
36,7: (0,33,123,0.194553)  #00217B00  srgba(0,33,123,0.000762951)
37,7: (0,33,123,139.673)  #00217B8C  srgba(0,33,123,0.547738)
38,7: (0,33,123,254.183)  #00217BFE  srgba(0,33,123,0.996796)
39,7: (0,33,123,213.016)  #00217BD5  srgba(0,33,123,0.835355)
40,7: (0,33,123,165.942)  #00217BA6  srgba(0,33,123,0.650752)
0,8: (0,33,123,145.245)  #00217B91  srgba(0,33,123,0.569589)
1,8: (0,33,123,116.778)  #00217B75  srgba(0,33,123,0.457954)
2,8: (0,33,123,111.062)  #00217B6F  srgba(0,33,123,0.435538)
3,8: (0,33,123,165.339)  #00217BA5  srgba(0,33,123,0.648386)
4,8: (0,33,123,141.821)  #00217B8E  srgba(0,33,123,0.556161)
5,8: (0,33,123,54.5136)  #00217B37  srgba(0,33,123,0.213779)
6,8: (0,33,123,0.762646)  #00217B01  srgba(0,33,123,0.00299077)
7,8: (0,33,123,0)  #00217B00  srgba(0,33,123,0)
8,8: (0,33,123,18.2218)  #00217B12  srgba(0,33,123,0.071458)
9,8: (0,33,123,99.6615)  #00217B64  srgba(0,33,123,0.390829)
10,8: (0,33,123,159.323)  #00217B9F  srgba(0,33,123,0.624796)
11,8: (0,33,123,164.233)  #00217BA4  srgba(0,33,123,0.644053)
12,8: (0,33,123,121.525)  #00217B7A  srgba(0,33,123,0.47657)
13,8: (0,33,123,36.5409)  #00217B25  srgba(0,33,123,0.143297)
14,8: (0,33,123,2.93385)  #00217B03  srgba(0,33,123,0.0115053)
15,8: (0,33,123,100.689)  #00217B65  srgba(0,33,123,0.394858)
16,8: (0,33,123,136.661)  #00217B89  srgba(0,33,123,0.535927)
17,8: (0,33,123,22.9105)  #00217B17  srgba(0,33,123,0.0898451)
18,8: (0,33,123,38.9611)  #00217B27  srgba(0,33,123,0.152789)
19,8: (0,33,123,144.206)  #00217B90  srgba(0,33,123,0.565515)
20,8: (0,33,123,81.7977)  #00217B52  srgba(0,33,123,0.320775)
21,8: (0,33,123,0)  #00217B00  srgba(0,33,123,0)
22,8: (0,33,123,61.0233)  #00217B3D  srgba(0,33,123,0.239307)
23,8: (0,33,123,150.21)  #00217B96  srgba(0,33,123,0.589059)
24,8: (0,33,123,163.385)  #00217BA3  srgba(0,33,123,0.640726)
25,8: (0,33,123,105.568)  #00217B6A  srgba(0,33,123,0.413993)
26,8: (0,33,123,131.117)  #00217B83  srgba(0,33,123,0.514183)
27,8: (0,33,123,103.152)  #00217B67  srgba(0,33,123,0.404517)
28,8: (0,33,123,2.83268)  #00217B03  srgba(0,33,123,0.0111086)
29,8: (0,33,123,91.0195)  #00217B5B  srgba(0,33,123,0.356939)
30,8: (0,33,123,141.105)  #00217B8D  srgba(0,33,123,0.553353)
31,8: (0,33,123,32.7626)  #00217B21  srgba(0,33,123,0.128481)
32,8: (0,33,123,0)  #00217B00  srgba(0,33,123,0)
33,8: (0,33,123,49.2412)  #00217B31  srgba(0,33,123,0.193103)
34,8: (0,33,123,143.743)  #00217B90  srgba(0,33,123,0.563699)
35,8: (0,33,123,118.393)  #00217B76  srgba(0,33,123,0.464286)
36,8: (0,33,123,12.1868)  #00217B0C  srgba(0,33,123,0.0477913)
37,8: (0,33,123,23.4553)  #00217B17  srgba(0,33,123,0.0919814)
38,8: (0,33,123,123.183)  #00217B7B  srgba(0,33,123,0.48307)
39,8: (0,33,123,166.089)  #00217BA6  srgba(0,33,123,0.651331)
40,8: (0,33,123,132.938)  #00217B85  srgba(0,33,123,0.521324)
0,9: (0,0,0,0)  #00000000  none
1,9: (0,33,123,0)  #00217B00  srgba(0,33,123,0)
2,9: (0,33,123,0.0194553)  #00217B00  srgba(0,33,123,7.62951e-05)
3,9: (0,33,123,0.782101)  #00217B01  srgba(0,33,123,0.00306706)
4,9: (0,33,123,0.249027)  #00217B00  srgba(0,33,123,0.000976577)
5,9: (0,33,123,0)  #00217B00  srgba(0,33,123,0)
6,9: (0,0,0,0)  #00000000  none
7,9: (0,0,0,0)  #00000000  none
8,9: (0,33,123,0)  #00217B00  srgba(0,33,123,0)
9,9: (0,33,123,0)  #00217B00  srgba(0,33,123,0)
10,9: (0,33,123,0.182879)  #00217B00  srgba(0,33,123,0.000717174)
11,9: (0,33,123,6.72374)  #00217B07  srgba(0,33,123,0.0263676)
12,9: (0,33,123,145.327)  #00217B91  srgba(0,33,123,0.569909)
13,9: (0,33,123,179.844)  #00217BB4  srgba(0,33,123,0.705272)
14,9: (0,33,123,27.2296)  #00217B1B  srgba(0,33,123,0.106783)
15,9: (0,33,123,0)  #00217B00  srgba(0,33,123,0)
16,9: (0,0,0,0)  #00000000  none
17,9: (0,0,0,0)  #00000000  none
18,9: (0,0,0,0)  #00000000  none
19,9: (0,0,0,0)  #00000000  none
20,9: (0,0,0,0)  #00000000  none
21,9: (0,0,0,0)  #00000000  none
22,9: (0,33,123,0)  #00217B00  srgba(0,33,123,0)
23,9: (0,33,123,0.400778)  #00217B00  srgba(0,33,123,0.00157168)
24,9: (0,33,123,0.712062)  #00217B01  srgba(0,33,123,0.0027924)
25,9: (0,33,123,0)  #00217B00  srgba(0,33,123,0)
26,9: (0,33,123,0)  #00217B00  srgba(0,33,123,0)
27,9: (0,0,0,0)  #00000000  none
28,9: (0,0,0,0)  #00000000  none
29,9: (0,0,0,0)  #00000000  none
30,9: (0,0,0,0)  #00000000  none
31,9: (0,0,0,0)  #00000000  none
32,9: (0,0,0,0)  #00000000  none
33,9: (0,0,0,0)  #00000000  none
34,9: (0,33,123,0)  #00217B00  srgba(0,33,123,0)
35,9: (0,33,123,0.400778)  #00217B00  srgba(0,33,123,0.00157168)
36,9: (0,33,123,0.373541)  #00217B00  srgba(0,33,123,0.00146487)
37,9: (0,33,123,0)  #00217B00  srgba(0,33,123,0)
38,9: (0,33,123,0.0972763)  #00217B00  srgba(0,33,123,0.000381476)
39,9: (0,33,123,0.840467)  #00217B01  srgba(0,33,123,0.00329595)
40,9: (0,33,123,0.136187)  #00217B00  srgba(0,33,123,0.000534066)
0,10: (0,0,0,0)  #00000000  none
1,10: (0,0,0,0)  #00000000  none
2,10: (0,0,0,0)  #00000000  none
3,10: (0,0,0,0)  #00000000  none
4,10: (0,0,0,0)  #00000000  none
5,10: (0,0,0,0)  #00000000  none
6,10: (0,0,0,0)  #00000000  none
7,10: (0,0,0,0)  #00000000  none
8,10: (0,0,0,0)  #00000000  none
9,10: (0,0,0,0)  #00000000  none
10,10: (0,33,123,0)  #00217B00  srgba(0,33,123,0)
11,10: (0,33,123,7.80934)  #00217B08  srgba(0,33,123,0.0306249)
12,10: (0,33,123,189.584)  #00217BBE  srgba(0,33,123,0.743465)
13,10: (0,33,123,231.922)  #00217BE8  srgba(0,33,123,0.909499)
14,10: (0,33,123,34.7626)  #00217B23  srgba(0,33,123,0.136324)
15,10: (0,33,123,0)  #00217B00  srgba(0,33,123,0)
16,10: (0,0,0,0)  #00000000  none
17,10: (0,0,0,0)  #00000000  none
18,10: (0,0,0,0)  #00000000  none
19,10: (0,0,0,0)  #00000000  none
20,10: (0,0,0,0)  #00000000  none
21,10: (0,0,0,0)  #00000000  none
22,10: (0,0,0,0)  #00000000  none
23,10: (0,0,0,0)  #00000000  none
24,10: (0,0,0,0)  #00000000  none
25,10: (0,0,0,0)  #00000000  none
26,10: (0,0,0,0)  #00000000  none
27,10: (0,0,0,0)  #00000000  none
28,10: (0,0,0,0)  #00000000  none
29,10: (0,0,0,0)  #00000000  none
30,10: (0,0,0,0)  #00000000  none
31,10: (0,0,0,0)  #00000000  none
32,10: (0,0,0,0)  #00000000  none
33,10: (0,0,0,0)  #00000000  none
34,10: (0,0,0,0)  #00000000  none
35,10: (0,0,0,0)  #00000000  none
36,10: (0,0,0,0)  #00000000  none
37,10: (0,0,0,0)  #00000000  none
38,10: (0,0,0,0)  #00000000  none
39,10: (0,0,0,0)  #00000000  none
40,10: (0,0,0,0)  #00000000  none
0,11: (0,0,0,0)  #00000000  none
1,11: (0,0,0,0)  #00000000  none
2,11: (0,0,0,0)  #00000000  none
3,11: (0,0,0,0)  #00000000  none
4,11: (0,33,123,0)  #00217B00  srgba(0,33,123,0)
5,11: (0,33,123,0.385214)  #00217B00  srgba(0,33,123,0.00151064)
6,11: (0,33,123,45.3307)  #00217B2D  srgba(0,33,123,0.177768)
7,11: (0,33,123,120.677)  #00217B79  srgba(0,33,123,0.473243)
8,11: (0,33,123,147.035)  #00217B93  srgba(0,33,123,0.576608)
9,11: (0,33,123,127.821)  #00217B80  srgba(0,33,123,0.501259)
10,11: (0,33,123,62.8833)  #00217B3F  srgba(0,33,123,0.246601)
11,11: (0,33,123,9.87938)  #00217B0A  srgba(0,33,123,0.0387427)
12,11: (0,33,123,189.23)  #00217BBD  srgba(0,33,123,0.742077)
13,11: (0,33,123,233.856)  #00217BEA  srgba(0,33,123,0.917082)
14,11: (0,33,123,97.1946)  #00217B61  srgba(0,33,123,0.381155)
15,11: (0,33,123,132.506)  #00217B85  srgba(0,33,123,0.519631)
16,11: (0,33,123,133.249)  #00217B85  srgba(0,33,123,0.522545)
17,11: (0,33,123,59.2218)  #00217B3B  srgba(0,33,123,0.232242)
18,11: (0,33,123,1.5214)  #00217B02  srgba(0,33,123,0.00596628)
19,11: (0,33,123,0)  #00217B00  srgba(0,33,123,0)
20,11: (0,33,123,3.67704)  #00217B04  srgba(0,33,123,0.0144198)
21,11: (0,33,123,59.8016)  #00217B3C  srgba(0,33,123,0.234516)
22,11: (0,33,123,128.981)  #00217B81  srgba(0,33,123,0.505806)
23,11: (0,33,123,143.016)  #00217B8F  srgba(0,33,123,0.560845)
24,11: (0,33,123,96.9883)  #00217B61  srgba(0,33,123,0.380346)
25,11: (0,33,123,21.1206)  #00217B15  srgba(0,33,123,0.082826)
26,11: (0,33,123,0)  #00217B00  srgba(0,33,123,0)
27,11: (0,33,123,27.3891)  #00217B1B  srgba(0,33,123,0.107408)
28,11: (0,33,123,119.802)  #00217B78  srgba(0,33,123,0.46981)
29,11: (0,33,123,88.2374)  #00217B58  srgba(0,33,123,0.346029)
30,11: (0,33,123,102.829)  #00217B67  srgba(0,33,123,0.40325)
31,11: (0,33,123,144.385)  #00217B90  srgba(0,33,123,0.566217)
32,11: (0,33,123,108.265)  #00217B6C  srgba(0,33,123,0.424567)
33,11: (0,33,123,27.6537)  #00217B1C  srgba(0,33,123,0.108446)
34,11: (0,33,123,0)  #00217B00  srgba(0,33,123,0)
35,11: (0,33,123,0)  #00217B00  srgba(0,33,123,0)
36,11: (0,0,0,0)  #00000000  none
37,11: (0,0,0,0)  #00000000  none
38,11: (0,0,0,0)  #00000000  none
39,11: (0,0,0,0)  #00000000  none
40,11: (0,0,0,0)  #00000000  none
0,12: (0,0,0,0)  #00000000  none
1,12: (0,0,0,0)  #00000000  none
2,12: (0,0,0,0)  #00000000  none
3,12: (0,0,0,0)  #00000000  none
4,12: (0,33,123,0)  #00217B00  srgba(0,33,123,0)
5,12: (0,33,123,44.6615)  #00217B2D  srgba(0,33,123,0.175143)
6,12: (0,33,123,216.747)  #00217BD9  srgba(0,33,123,0.849989)
7,12: (0,33,123,231.191)  #00217BE7  srgba(0,33,123,0.90663)
8,12: (0,33,123,195.412)  #00217BC3  srgba(0,33,123,0.766323)
9,12: (0,33,123,220.117)  #00217BDC  srgba(0,33,123,0.863203)
10,12: (0,33,123,150.012)  #00217B96  srgba(0,33,123,0.588281)
11,12: (0,33,123,10.4981)  #00217B0A  srgba(0,33,123,0.0411688)
12,12: (0,33,123,187.821)  #00217BBC  srgba(0,33,123,0.736553)
13,12: (0,33,123,255)  #00217BFF  srgba(0,33,123,1)
14,12: (0,33,123,238.638)  #00217BEF  srgba(0,33,123,0.935836)
15,12: (0,33,123,232.132)  #00217BE8  srgba(0,33,123,0.910323)
16,12: (0,33,123,250.794)  #00217BFB  srgba(0,33,123,0.983505)
17,12: (0,33,123,227.856)  #00217BE4  srgba(0,33,123,0.893553)
18,12: (0,33,123,58.2802)  #00217B3A  srgba(0,33,123,0.22855)
19,12: (0,33,123,0)  #00217B00  srgba(0,33,123,0)
20,12: (0,33,123,101.774)  #00217B66  srgba(0,33,123,0.399115)
21,12: (0,33,123,237.198)  #00217BED  srgba(0,33,123,0.93019)
22,12: (0,33,123,237.28)  #00217BED  srgba(0,33,123,0.93051)
23,12: (0,33,123,224)  #00217BE0  srgba(0,33,123,0.878431)
24,12: (0,33,123,248.946)  #00217BF9  srgba(0,33,123,0.976257)
25,12: (0,33,123,179.611)  #00217BB4  srgba(0,33,123,0.704356)
26,12: (0,33,123,21.3774)  #00217B15  srgba(0,33,123,0.0838331)
27,12: (0,33,123,54.4436)  #00217B36  srgba(0,33,123,0.213504)
28,12: (0,33,123,242.44)  #00217BF2  srgba(0,33,123,0.950744)
29,12: (0,33,123,244.424)  #00217BF4  srgba(0,33,123,0.958526)
30,12: (0,33,123,230.467)  #00217BE6  srgba(0,33,123,0.903792)
31,12: (0,33,123,224.732)  #00217BE1  srgba(0,33,123,0.8813)
32,12: (0,33,123,251.163)  #00217BFB  srgba(0,33,123,0.984955)
33,12: (0,33,123,189.451)  #00217BBD  srgba(0,33,123,0.742947)
34,12: (0,33,123,28.1595)  #00217B1C  srgba(0,33,123,0.11043)
35,12: (0,33,123,0)  #00217B00  srgba(0,33,123,0)
36,12: (0,0,0,0)  #00000000  none
37,12: (0,0,0,0)  #00000000  none
38,12: (0,0,0,0)  #00000000  none
39,12: (0,0,0,0)  #00000000  none
40,12: (0,0,0,0)  #00000000  none
0,13: (0,0,0,0)  #00000000  none
1,13: (0,0,0,0)  #00000000  none
2,13: (0,0,0,0)  #00000000  none
3,13: (0,0,0,0)  #00000000  none
4,13: (0,33,123,0)  #00217B00  srgba(0,33,123,0)
5,13: (0,33,123,88.428)  #00217B58  srgba(0,33,123,0.346777)
6,13: (0,33,123,254.86)  #00217BFF  srgba(0,33,123,0.999451)
7,13: (0,33,123,158.946)  #00217B9F  srgba(0,33,123,0.623316)
8,13: (0,33,123,46.0506)  #00217B2E  srgba(0,33,123,0.180591)
9,13: (0,33,123,39.8132)  #00217B28  srgba(0,33,123,0.15613)
10,13: (0,33,123,24.1946)  #00217B18  srgba(0,33,123,0.0948806)
11,13: (0,33,123,6.99611)  #00217B07  srgba(0,33,123,0.0274357)
12,13: (0,33,123,188.179)  #00217BBC  srgba(0,33,123,0.737957)
13,13: (0,33,123,254.654)  #00217BFF  srgba(0,33,123,0.998642)
14,13: (0,33,123,121.066)  #00217B79  srgba(0,33,123,0.474769)
15,13: (0,33,123,31.179)  #00217B1F  srgba(0,33,123,0.122271)
16,13: (0,33,123,136.37)  #00217B88  srgba(0,33,123,0.534783)
17,13: (0,33,123,255)  #00217BFF  srgba(0,33,123,1)
18,13: (0,33,123,127.829)  #00217B80  srgba(0,33,123,0.501289)
19,13: (0,33,123,27.0156)  #00217B1B  srgba(0,33,123,0.105943)
20,13: (0,33,123,219)  #00217BDB  srgba(0,33,123,0.858824)
21,13: (0,33,123,222.082)  #00217BDE  srgba(0,33,123,0.870909)
22,13: (0,33,123,61.0661)  #00217B3D  srgba(0,33,123,0.239475)
23,13: (0,33,123,25.2763)  #00217B19  srgba(0,33,123,0.0991226)
24,13: (0,33,123,147.541)  #00217B94  srgba(0,33,123,0.578592)
25,13: (0,33,123,255)  #00217BFF  srgba(0,33,123,1)
26,13: (0,33,123,108.603)  #00217B6D  srgba(0,33,123,0.425895)
27,13: (0,33,123,52.6342)  #00217B35  srgba(0,33,123,0.206409)
28,13: (0,33,123,244.362)  #00217BF4  srgba(0,33,123,0.958282)
29,13: (0,33,123,218.595)  #00217BDB  srgba(0,33,123,0.857237)
30,13: (0,33,123,58.5253)  #00217B3B  srgba(0,33,123,0.229511)
31,13: (0,33,123,26.3969)  #00217B1A  srgba(0,33,123,0.103517)
32,13: (0,33,123,152.798)  #00217B99  srgba(0,33,123,0.599207)
33,13: (0,33,123,255)  #00217BFF  srgba(0,33,123,1)
34,13: (0,33,123,111.109)  #00217B6F  srgba(0,33,123,0.435721)
35,13: (0,33,123,0)  #00217B00  srgba(0,33,123,0)
36,13: (0,33,123,0)  #00217B00  srgba(0,33,123,0)
37,13: (0,0,0,0)  #00000000  none
38,13: (0,0,0,0)  #00000000  none
39,13: (0,0,0,0)  #00000000  none
40,13: (0,0,0,0)  #00000000  none
0,14: (0,0,0,0)  #00000000  none
1,14: (0,0,0,0)  #00000000  none
2,14: (0,0,0,0)  #00000000  none
3,14: (0,0,0,0)  #00000000  none
4,14: (0,33,123,0)  #00217B00  srgba(0,33,123,0)
5,14: (0,33,123,36.4669)  #00217B24  srgba(0,33,123,0.143008)
6,14: (0,33,123,192.479)  #00217BC0  srgba(0,33,123,0.754818)
7,14: (0,33,123,240.747)  #00217BF1  srgba(0,33,123,0.944106)
8,14: (0,33,123,229.615)  #00217BE6  srgba(0,33,123,0.90045)
9,14: (0,33,123,198.786)  #00217BC7  srgba(0,33,123,0.779553)
10,14: (0,33,123,102.875)  #00217B67  srgba(0,33,123,0.403433)
11,14: (0,33,123,12.428)  #00217B0C  srgba(0,33,123,0.0487373)
12,14: (0,33,123,188.992)  #00217BBD  srgba(0,33,123,0.741146)
13,14: (0,33,123,235.226)  #00217BEB  srgba(0,33,123,0.922454)
14,14: (0,33,123,39.4047)  #00217B27  srgba(0,33,123,0.154528)
15,14: (0,33,123,0)  #00217B00  srgba(0,33,123,0)
16,14: (0,33,123,71.4358)  #00217B47  srgba(0,33,123,0.28014)
17,14: (0,33,123,252.899)  #00217BFD  srgba(0,33,123,0.99176)
18,14: (0,33,123,142.132)  #00217B8E  srgba(0,33,123,0.557382)
19,14: (0,33,123,55.3113)  #00217B37  srgba(0,33,123,0.216907)
20,14: (0,33,123,247.093)  #00217BF7  srgba(0,33,123,0.968994)
21,14: (0,33,123,168.136)  #00217BA8  srgba(0,33,123,0.659358)
22,14: (0,33,123,2.03113)  #00217B02  srgba(0,33,123,0.00796521)
23,14: (0,33,123,0)  #00217B00  srgba(0,33,123,0)
24,14: (0,33,123,68.2957)  #00217B44  srgba(0,33,123,0.267826)
25,14: (0,33,123,251.673)  #00217BFC  srgba(0,33,123,0.986954)
26,14: (0,33,123,151.879)  #00217B98  srgba(0,33,123,0.595605)
27,14: (0,33,123,55.323)  #00217B37  srgba(0,33,123,0.216953)
28,14: (0,33,123,246.541)  #00217BF7  srgba(0,33,123,0.966827)
29,14: (0,33,123,164.288)  #00217BA4  srgba(0,33,123,0.644266)
30,14: (0,33,123,1.1751)  #00217B01  srgba(0,33,123,0.00460822)
31,14: (0,33,123,0)  #00217B00  srgba(0,33,123,0)
32,14: (0,33,123,74.1128)  #00217B4A  srgba(0,33,123,0.290639)
33,14: (0,33,123,253.638)  #00217BFE  srgba(0,33,123,0.994659)
34,14: (0,33,123,149.335)  #00217B95  srgba(0,33,123,0.585626)
35,14: (0,33,123,0)  #00217B00  srgba(0,33,123,0)
36,14: (0,33,123,0)  #00217B00  srgba(0,33,123,0)
37,14: (0,0,0,0)  #00000000  none
38,14: (0,0,0,0)  #00000000  none
39,14: (0,0,0,0)  #00000000  none
40,14: (0,0,0,0)  #00000000  none
0,15: (0,0,0,0)  #00000000  none
1,15: (0,0,0,0)  #00000000  none
2,15: (0,0,0,0)  #00000000  none
3,15: (0,0,0,0)  #00000000  none
4,15: (0,33,123,0)  #00217B00  srgba(0,33,123,0)
5,15: (0,33,123,5.43191)  #00217B05  srgba(0,33,123,0.0213016)
6,15: (0,33,123,39.5175)  #00217B28  srgba(0,33,123,0.154971)
7,15: (0,33,123,65.8054)  #00217B42  srgba(0,33,123,0.258061)
8,15: (0,33,123,104.043)  #00217B68  srgba(0,33,123,0.408011)
9,15: (0,33,123,214.323)  #00217BD6  srgba(0,33,123,0.840482)
10,15: (0,33,123,231.058)  #00217BE7  srgba(0,33,123,0.906111)
11,15: (0,33,123,46.8249)  #00217B2F  srgba(0,33,123,0.183627)
12,15: (0,33,123,187.101)  #00217BBB  srgba(0,33,123,0.73373)
13,15: (0,33,123,231.922)  #00217BE8  srgba(0,33,123,0.909499)
14,15: (0,33,123,34.7626)  #00217B23  srgba(0,33,123,0.136324)
15,15: (0,33,123,0)  #00217B00  srgba(0,33,123,0)
16,15: (0,33,123,69.1946)  #00217B45  srgba(0,33,123,0.271351)
17,15: (0,33,123,252.206)  #00217BFC  srgba(0,33,123,0.989044)
18,15: (0,33,123,143.354)  #00217B8F  srgba(0,33,123,0.562173)
19,15: (0,33,123,38.2879)  #00217B26  srgba(0,33,123,0.150149)
20,15: (0,33,123,232.148)  #00217BE8  srgba(0,33,123,0.910384)
21,15: (0,33,123,203.432)  #00217BCB  srgba(0,33,123,0.797772)
22,15: (0,33,123,27.8444)  #00217B1C  srgba(0,33,123,0.109194)
23,15: (0,33,123,0.945525)  #00217B01  srgba(0,33,123,0.00370794)
24,15: (0,33,123,114.389)  #00217B72  srgba(0,33,123,0.448585)
25,15: (0,33,123,255)  #00217BFF  srgba(0,33,123,1)
26,15: (0,33,123,126.514)  #00217B7F  srgba(0,33,123,0.496132)
27,15: (0,33,123,53.2918)  #00217B35  srgba(0,33,123,0.208988)
28,15: (0,33,123,245.249)  #00217BF5  srgba(0,33,123,0.961761)
29,15: (0,33,123,199.451)  #00217BC7  srgba(0,33,123,0.782162)
30,15: (0,33,123,25.5681)  #00217B1A  srgba(0,33,123,0.100267)
31,15: (0,33,123,1.62257)  #00217B02  srgba(0,33,123,0.00636301)
32,15: (0,33,123,120.249)  #00217B78  srgba(0,33,123,0.471565)
33,15: (0,33,123,255)  #00217BFF  srgba(0,33,123,1)
34,15: (0,33,123,127.078)  #00217B7F  srgba(0,33,123,0.498344)
35,15: (0,33,123,0)  #00217B00  srgba(0,33,123,0)
36,15: (0,33,123,0)  #00217B00  srgba(0,33,123,0)
37,15: (0,0,0,0)  #00000000  none
38,15: (0,0,0,0)  #00000000  none
39,15: (0,0,0,0)  #00000000  none
40,15: (0,0,0,0)  #00000000  none
0,16: (0,0,0,0)  #00000000  none
1,16: (0,0,0,0)  #00000000  none
2,16: (0,0,0,0)  #00000000  none
3,16: (0,33,123,0)  #00217B00  srgba(0,33,123,0)
4,16: (0,33,123,0)  #00217B00  srgba(0,33,123,0)
5,16: (0,33,123,66.3113)  #00217B42  srgba(0,33,123,0.260044)
6,16: (0,33,123,202.981)  #00217BCB  srgba(0,33,123,0.796002)
7,16: (0,33,123,156.148)  #00217B9C  srgba(0,33,123,0.612345)
8,16: (0,33,123,143.739)  #00217B90  srgba(0,33,123,0.563684)
9,16: (0,33,123,225.693)  #00217BE2  srgba(0,33,123,0.885069)
10,16: (0,33,123,211.451)  #00217BD3  srgba(0,33,123,0.829221)
11,16: (0,33,123,35.5097)  #00217B24  srgba(0,33,123,0.139254)
12,16: (0,33,123,187.798)  #00217BBC  srgba(0,33,123,0.736461)
13,16: (0,33,123,231.922)  #00217BE8  srgba(0,33,123,0.909499)
14,16: (0,33,123,34.7626)  #00217B23  srgba(0,33,123,0.136324)
15,16: (0,33,123,0)  #00217B00  srgba(0,33,123,0)
16,16: (0,33,123,69.2802)  #00217B45  srgba(0,33,123,0.271687)
17,16: (0,33,123,252.237)  #00217BFC  srgba(0,33,123,0.989166)
18,16: (0,33,123,145.541)  #00217B92  srgba(0,33,123,0.570748)
19,16: (0,33,123,2.18288)  #00217B02  srgba(0,33,123,0.00856031)
20,16: (0,33,123,140.218)  #00217B8C  srgba(0,33,123,0.549874)
21,16: (0,33,123,250.669)  #00217BFB  srgba(0,33,123,0.983017)
22,16: (0,33,123,204.444)  #00217BCC  srgba(0,33,123,0.80174)
23,16: (0,33,123,178.556)  #00217BB3  srgba(0,33,123,0.700221)
24,16: (0,33,123,239.825)  #00217BF0  srgba(0,33,123,0.94049)
25,16: (0,33,123,215.117)  #00217BD7  srgba(0,33,123,0.843595)
26,16: (0,33,123,41.1128)  #00217B29  srgba(0,33,123,0.161227)
27,16: (0,33,123,53.5292)  #00217B36  srgba(0,33,123,0.209918)
28,16: (0,33,123,242.416)  #00217BF2  srgba(0,33,123,0.950652)
29,16: (0,33,123,252.315)  #00217BFC  srgba(0,33,123,0.989471)
30,16: (0,33,123,201.868)  #00217BCA  srgba(0,33,123,0.791638)
31,16: (0,33,123,179.595)  #00217BB4  srgba(0,33,123,0.704295)
32,16: (0,33,123,241.233)  #00217BF1  srgba(0,33,123,0.946014)
33,16: (0,33,123,221.385)  #00217BDD  srgba(0,33,123,0.868177)
34,16: (0,33,123,48.0623)  #00217B30  srgba(0,33,123,0.188479)
35,16: (0,33,123,0)  #00217B00  srgba(0,33,123,0)
36,16: (0,0,0,0)  #00000000  none
37,16: (0,0,0,0)  #00000000  none
38,16: (0,0,0,0)  #00000000  none
39,16: (0,0,0,0)  #00000000  none
40,16: (0,0,0,0)  #00000000  none
0,17: (0,0,0,0)  #00000000  none
1,17: (0,0,0,0)  #00000000  none
2,17: (0,0,0,0)  #00000000  none
3,17: (0,33,123,0)  #00217B00  srgba(0,33,123,0)
4,17: (0,33,123,0)  #00217B00  srgba(0,33,123,0)
5,17: (0,33,123,42.8833)  #00217B2B  srgba(0,33,123,0.16817)
6,17: (0,33,123,148.595)  #00217B95  srgba(0,33,123,0.582727)
7,17: (0,33,123,192.981)  #00217BC1  srgba(0,33,123,0.756786)
8,17: (0,33,123,198.735)  #00217BC7  srgba(0,33,123,0.779355)
9,17: (0,33,123,161.708)  #00217BA2  srgba(0,33,123,0.63415)
10,17: (0,33,123,59.5331)  #00217B3C  srgba(0,33,123,0.233463)
11,17: (0,33,123,5.36576)  #00217B05  srgba(0,33,123,0.0210422)
12,17: (0,33,123,133.105)  #00217B85  srgba(0,33,123,0.521981)
13,17: (0,33,123,162.918)  #00217BA3  srgba(0,33,123,0.638895)
14,17: (0,33,123,24.4202)  #00217B18  srgba(0,33,123,0.0957656)
15,17: (0,33,123,0)  #00217B00  srgba(0,33,123,0)
16,17: (0,33,123,48.6381)  #00217B31  srgba(0,33,123,0.190738)
17,17: (0,33,123,177.179)  #00217BB1  srgba(0,33,123,0.69482)
18,17: (0,33,123,102.463)  #00217B66  srgba(0,33,123,0.401816)
19,17: (0,33,123,0)  #00217B00  srgba(0,33,123,0)
20,17: (0,33,123,14.7121)  #00217B0F  srgba(0,33,123,0.0576944)
21,17: (0,33,123,108.486)  #00217B6C  srgba(0,33,123,0.425437)
22,17: (0,33,123,185.514)  #00217BBA  srgba(0,33,123,0.727504)
23,17: (0,33,123,198.202)  #00217BC6  srgba(0,33,123,0.777264)
24,17: (0,33,123,152.996)  #00217B99  srgba(0,33,123,0.599985)
25,17: (0,33,123,50.1401)  #00217B32  srgba(0,33,123,0.196628)
26,17: (0,33,123,0)  #00217B00  srgba(0,33,123,0)
27,17: (0,33,123,55.8327)  #00217B38  srgba(0,33,123,0.218952)
28,17: (0,33,123,244.887)  #00217BF5  srgba(0,33,123,0.960342)
29,17: (0,33,123,194.767)  #00217BC3  srgba(0,33,123,0.76379)
30,17: (0,33,123,157.428)  #00217B9D  srgba(0,33,123,0.617365)
31,17: (0,33,123,199.315)  #00217BC7  srgba(0,33,123,0.781628)
32,17: (0,33,123,164.44)  #00217BA4  srgba(0,33,123,0.644862)
33,17: (0,33,123,60.1401)  #00217B3C  srgba(0,33,123,0.235843)
34,17: (0,33,123,0.198444)  #00217B00  srgba(0,33,123,0.00077821)
35,17: (0,33,123,0)  #00217B00  srgba(0,33,123,0)
36,17: (0,0,0,0)  #00000000  none
37,17: (0,0,0,0)  #00000000  none
38,17: (0,0,0,0)  #00000000  none
39,17: (0,0,0,0)  #00000000  none
40,17: (0,0,0,0)  #00000000  none
0,18: (0,0,0,0)  #00000000  none
1,18: (0,0,0,0)  #00000000  none
2,18: (0,0,0,0)  #00000000  none
3,18: (0,0,0,0)  #00000000  none
4,18: (0,0,0,0)  #00000000  none
5,18: (0,33,123,0)  #00217B00  srgba(0,33,123,0)
6,18: (0,33,123,0.992218)  #00217B01  srgba(0,33,123,0.00389105)
7,18: (0,33,123,8.2179)  #00217B08  srgba(0,33,123,0.0322271)
8,18: (0,33,123,10.3424)  #00217B0A  srgba(0,33,123,0.0405585)
9,18: (0,33,123,2.6965)  #00217B03  srgba(0,33,123,0.0105745)
10,18: (0,33,123,0)  #00217B00  srgba(0,33,123,0)
11,18: (0,33,123,0.14786)  #00217B00  srgba(0,33,123,0.000579843)
12,18: (0,33,123,3.57977)  #00217B04  srgba(0,33,123,0.0140383)
13,18: (0,33,123,4.38132)  #00217B04  srgba(0,33,123,0.0171817)
14,18: (0,33,123,0.657588)  #00217B01  srgba(0,33,123,0.00257877)
15,18: (0,33,123,0)  #00217B00  srgba(0,33,123,0)
16,18: (0,33,123,1.30739)  #00217B01  srgba(0,33,123,0.00512703)
17,18: (0,33,123,4.76654)  #00217B05  srgba(0,33,123,0.0186923)
18,18: (0,33,123,2.75486)  #00217B03  srgba(0,33,123,0.0108034)
19,18: (0,33,123,0)  #00217B00  srgba(0,33,123,0)
20,18: (0,33,123,0)  #00217B00  srgba(0,33,123,0)
21,18: (0,33,123,0.190661)  #00217B00  srgba(0,33,123,0.000747692)
22,18: (0,33,123,6.58366)  #00217B07  srgba(0,33,123,0.0258183)
23,18: (0,33,123,10.0233)  #00217B0A  srgba(0,33,123,0.0393072)
24,18: (0,33,123,2.12062)  #00217B02  srgba(0,33,123,0.00831617)
25,18: (0,33,123,0)  #00217B00  srgba(0,33,123,0)
26,18: (0,33,123,0)  #00217B00  srgba(0,33,123,0)
27,18: (0,33,123,55.8949)  #00217B38  srgba(0,33,123,0.219196)
28,18: (0,33,123,246.661)  #00217BF7  srgba(0,33,123,0.9673)
29,18: (0,33,123,161.685)  #00217BA2  srgba(0,33,123,0.634058)
30,18: (0,33,123,3.53696)  #00217B04  srgba(0,33,123,0.0138705)
31,18: (0,33,123,10.1245)  #00217B0A  srgba(0,33,123,0.039704)
32,18: (0,33,123,3.607)  #00217B04  srgba(0,33,123,0.0141451)
33,18: (0,33,123,0)  #00217B00  srgba(0,33,123,0)
34,18: (0,33,123,0)  #00217B00  srgba(0,33,123,0)
35,18: (0,0,0,0)  #00000000  none
36,18: (0,0,0,0)  #00000000  none
37,18: (0,0,0,0)  #00000000  none
38,18: (0,0,0,0)  #00000000  none
39,18: (0,0,0,0)  #00000000  none
40,18: (0,0,0,0)  #00000000  none
0,19: (0,0,0,0)  #00000000  none
1,19: (0,0,0,0)  #00000000  none
2,19: (0,0,0,0)  #00000000  none
3,19: (0,0,0,0)  #00000000  none
4,19: (0,0,0,0)  #00000000  none
5,19: (0,0,0,0)  #00000000  none
6,19: (0,0,0,0)  #00000000  none
7,19: (0,0,0,0)  #00000000  none
8,19: (0,0,0,0)  #00000000  none
9,19: (0,0,0,0)  #00000000  none
10,19: (0,0,0,0)  #00000000  none
11,19: (0,0,0,0)  #00000000  none
12,19: (0,0,0,0)  #00000000  none
13,19: (0,0,0,0)  #00000000  none
14,19: (0,0,0,0)  #00000000  none
15,19: (0,0,0,0)  #00000000  none
16,19: (0,0,0,0)  #00000000  none
17,19: (0,0,0,0)  #00000000  none
18,19: (0,0,0,0)  #00000000  none
19,19: (0,0,0,0)  #00000000  none
20,19: (0,0,0,0)  #00000000  none
21,19: (0,0,0,0)  #00000000  none
22,19: (0,0,0,0)  #00000000  none
23,19: (0,0,0,0)  #00000000  none
24,19: (0,0,0,0)  #00000000  none
25,19: (0,0,0,0)  #00000000  none
26,19: (0,33,123,0)  #00217B00  srgba(0,33,123,0)
27,19: (0,33,123,55.4047)  #00217B37  srgba(0,33,123,0.217273)
28,19: (0,33,123,244.521)  #00217BF5  srgba(0,33,123,0.958907)
29,19: (0,33,123,160.467)  #00217BA0  srgba(0,33,123,0.629282)
30,19: (0,33,123,0.439689)  #00217B00  srgba(0,33,123,0.00172427)
31,19: (0,33,123,0)  #00217B00  srgba(0,33,123,0)
32,19: (0,0,0,0)  #00000000  none
33,19: (0,0,0,0)  #00000000  none
34,19: (0,0,0,0)  #00000000  none
35,19: (0,0,0,0)  #00000000  none
36,19: (0,0,0,0)  #00000000  none
37,19: (0,0,0,0)  #00000000  none
38,19: (0,0,0,0)  #00000000  none
39,19: (0,0,0,0)  #00000000  none
40,19: (0,0,0,0)  #00000000  none
