# ImageMagick pixel enumeration: 27,20,255,srgba
0,0: (0,33,123,247.016)  #00217BF7  srgba(0,33,123,0.968688)
1,0: (0,33,123,255)  #00217BFF  srgba(0,33,123,1)
2,0: (0,33,123,255)  #00217BFF  srgba(0,33,123,1)
3,0: (0,33,123,248.37)  #00217BF8  srgba(0,33,123,0.973999)
4,0: (0,33,123,70.6304)  #00217B47  srgba(0,33,123,0.276982)
5,0: (0,33,123,0)  #00217B00  srgba(0,33,123,0)
6,0: (0,0,0,0)  #00000000  none
7,0: (0,0,0,0)  #00000000  none
8,0: (0,0,0,0)  #00000000  none
9,0: (0,0,0,0)  #00000000  none
10,0: (0,0,0,0)  #00000000  none
11,0: (0,0,0,0)  #00000000  none
12,0: (0,0,0,0)  #00000000  none
13,0: (0,0,0,0)  #00000000  none
14,0: (0,0,0,0)  #00000000  none
15,0: (0,0,0,0)  #00000000  none
16,0: (0,0,0,0)  #00000000  none
17,0: (0,0,0,0)  #00000000  none
18,0: (0,0,0,0)  #00000000  none
19,0: (0,0,0,0)  #00000000  none
20,0: (0,0,0,0)  #00000000  none
21,0: (0,0,0,0)  #00000000  none
22,0: (0,0,0,0)  #00000000  none
23,0: (0,0,0,0)  #00000000  none
24,0: (0,0,0,0)  #00000000  none
25,0: (0,0,0,0)  #00000000  none
26,0: (0,0,0,0)  #00000000  none
0,1: (0,33,123,247.016)  #00217BF7  srgba(0,33,123,0.968688)
1,1: (0,33,123,255)  #00217BFF  srgba(0,33,123,1)
2,1: (0,33,123,255)  #00217BFF  srgba(0,33,123,1)
3,1: (0,33,123,248.37)  #00217BF8  srgba(0,33,123,0.973999)
4,1: (0,33,123,70.6304)  #00217B47  srgba(0,33,123,0.276982)
5,1: (0,33,123,0)  #00217B00  srgba(0,33,123,0)
6,1: (0,0,0,0)  #00000000  none
7,1: (0,0,0,0)  #00000000  none
8,1: (0,0,0,0)  #00000000  none
9,1: (0,0,0,0)  #00000000  none
10,1: (0,0,0,0)  #00000000  none
11,1: (0,0,0,0)  #00000000  none
12,1: (0,0,0,0)  #00000000  none
13,1: (0,0,0,0)  #00000000  none
14,1: (0,0,0,0)  #00000000  none
15,1: (0,0,0,0)  #00000000  none
16,1: (0,33,123,0)  #00217B00  srgba(0,33,123,0)
17,1: (0,33,123,0.428016)  #00217B00  srgba(0,33,123,0.00167849)
18,1: (0,33,123,10.284)  #00217B0A  srgba(0,33,123,0.0403296)
19,1: (0,33,123,14.1907)  #00217B0E  srgba(0,33,123,0.0556497)
20,1: (0,33,123,13.9767)  #00217B0E  srgba(0,33,123,0.0548104)
21,1: (0,33,123,14.0623)  #00217B0E  srgba(0,33,123,0.0551461)
22,1: (0,33,123,5.85992)  #00217B06  srgba(0,33,123,0.0229801)
23,1: (0,33,123,0)  #00217B00  srgba(0,33,123,0)
24,1: (0,0,0,0)  #00000000  none
25,1: (0,0,0,0)  #00000000  none
26,1: (0,0,0,0)  #00000000  none
0,2: (0,33,123,247.016)  #00217BF7  srgba(0,33,123,0.968688)
1,2: (0,33,123,255)  #00217BFF  srgba(0,33,123,1)
2,2: (0,33,123,255)  #00217BFF  srgba(0,33,123,1)
3,2: (0,33,123,248.37)  #00217BF8  srgba(0,33,123,0.973999)
4,2: (0,33,123,70.6304)  #00217B47  srgba(0,33,123,0.276982)
5,2: (0,33,123,0)  #00217B00  srgba(0,33,123,0)
6,2: (0,0,0,0)  #00000000  none
7,2: (0,0,0,0)  #00000000  none
8,2: (0,0,0,0)  #00000000  none
9,2: (0,0,0,0)  #00000000  none
10,2: (0,0,0,0)  #00000000  none
11,2: (0,0,0,0)  #00000000  none
12,2: (0,0,0,0)  #00000000  none
13,2: (0,0,0,0)  #00000000  none
14,2: (0,0,0,0)  #00000000  none
15,2: (0,0,0,0)  #00000000  none
16,2: (0,33,123,0)  #00217B00  srgba(0,33,123,0)
17,2: (0,33,123,6.1751)  #00217B06  srgba(0,33,123,0.0242161)
18,2: (0,33,123,148.222)  #00217B94  srgba(0,33,123,0.581262)
19,2: (0,33,123,204.537)  #00217BCD  srgba(0,33,123,0.802106)
20,2: (0,33,123,201.471)  #00217BC9  srgba(0,33,123,0.790082)
21,2: (0,33,123,202.7)  #00217BCB  srgba(0,33,123,0.794903)
22,2: (0,33,123,84.4825)  #00217B54  srgba(0,33,123,0.331304)
23,2: (0,33,123,0)  #00217B00  srgba(0,33,123,0)
24,2: (0,0,0,0)  #00000000  none
25,2: (0,0,0,0)  #00000000  none
26,2: (0,0,0,0)  #00000000  none
0,3: (0,33,123,247.016)  #00217BF7  srgba(0,33,123,0.968688)
1,3: (0,33,123,255)  #00217BFF  srgba(0,33,123,1)
2,3: (0,33,123,255)  #00217BFF  srgba(0,33,123,1)
3,3: (0,33,123,248.37)  #00217BF8  srgba(0,33,123,0.973999)
4,3: (0,33,123,70.6304)  #00217B47  srgba(0,33,123,0.276982)
5,3: (0,33,123,0)  #00217B00  srgba(0,33,123,0)
6,3: (0,0,0,0)  #00000000  none
7,3: (0,0,0,0)  #00000000  none
8,3: (0,0,0,0)  #00000000  none
9,3: (0,0,0,0)  #00000000  none
10,3: (0,0,0,0)  #00000000  none
11,3: (0,0,0,0)  #00000000  none
12,3: (0,0,0,0)  #00000000  none
13,3: (0,0,0,0)  #00000000  none
14,3: (0,0,0,0)  #00000000  none
15,3: (0,0,0,0)  #00000000  none
16,3: (0,33,123,0)  #00217B00  srgba(0,33,123,0)
17,3: (0,33,123,7.83268)  #00217B08  srgba(0,33,123,0.0307164)
18,3: (0,33,123,187.661)  #00217BBC  srgba(0,33,123,0.735927)
19,3: (0,33,123,255)  #00217BFF  srgba(0,33,123,1)
20,3: (0,33,123,255)  #00217BFF  srgba(0,33,123,1)
21,3: (0,33,123,255)  #00217BFF  srgba(0,33,123,1)
22,3: (0,33,123,107.078)  #00217B6B  srgba(0,33,123,0.419913)
23,3: (0,33,123,0)  #00217B00  srgba(0,33,123,0)
24,3: (0,0,0,0)  #00000000  none
25,3: (0,0,0,0)  #00000000  none
26,3: (0,0,0,0)  #00000000  none
0,4: (0,33,123,247.016)  #00217BF7  srgba(0,33,123,0.968688)
1,4: (0,33,123,255)  #00217BFF  srgba(0,33,123,1)
2,4: (0,33,123,255)  #00217BFF  srgba(0,33,123,1)
3,4: (0,33,123,248.37)  #00217BF8  srgba(0,33,123,0.973999)
4,4: (0,33,123,70.6304)  #00217B47  srgba(0,33,123,0.276982)
5,4: (0,33,123,0)  #00217B00  srgba(0,33,123,0)
6,4: (0,0,0,0)  #00000000  none
7,4: (0,0,0,0)  #00000000  none
8,4: (0,33,123,0)  #00217B00  srgba(0,33,123,0)
9,4: (0,33,123,0.0116732)  #00217B00  srgba(0,33,123,4.57771e-05)
10,4: (0,33,123,1.12062)  #00217B01  srgba(0,33,123,0.0043946)
11,4: (0,33,123,1.73541)  #00217B02  srgba(0,33,123,0.00680552)
12,4: (0,33,123,1.70428)  #00217B02  srgba(0,33,123,0.00668345)
13,4: (0,33,123,1.6537)  #00217B02  srgba(0,33,123,0.00648508)
14,4: (0,33,123,3.10117)  #00217B03  srgba(0,33,123,0.0121614)
15,4: (0,33,123,1.67315)  #00217B02  srgba(0,33,123,0.00656138)
16,4: (0,33,123,0)  #00217B00  srgba(0,33,123,0)
17,4: (0,33,123,7.75097)  #00217B08  srgba(0,33,123,0.030396)
18,4: (0,33,123,187.463)  #00217BBB  srgba(0,33,123,0.735149)
19,4: (0,33,123,255)  #00217BFF  srgba(0,33,123,1)
20,4: (0,33,123,255)  #00217BFF  srgba(0,33,123,1)
21,4: (0,33,123,255)  #00217BFF  srgba(0,33,123,1)
22,4: (0,33,123,106.879)  #00217B6B  srgba(0,33,123,0.419135)
23,4: (0,33,123,0)  #00217B00  srgba(0,33,123,0)
24,4: (0,0,0,0)  #00000000  none
25,4: (0,0,0,0)  #00000000  none
26,4: (0,0,0,0)  #00000000  none
0,5: (0,33,123,247.016)  #00217BF7  srgba(0,33,123,0.968688)
1,5: (0,33,123,255)  #00217BFF  srgba(0,33,123,1)
2,5: (0,33,123,255)  #00217BFF  srgba(0,33,123,1)
3,5: (0,33,123,248.37)  #00217BF8  srgba(0,33,123,0.973999)
4,5: (0,33,123,70.6304)  #00217B47  srgba(0,33,123,0.276982)
5,5: (0,33,123,0)  #00217B00  srgba(0,33,123,0)
6,5: (0,0,0,0)  #00000000  none
7,5: (0,33,123,0)  #00217B00  srgba(0,33,123,0)
8,5: (0,33,123,0)  #00217B00  srgba(0,33,123,0)
9,5: (0,33,123,35.9222)  #00217B24  srgba(0,33,123,0.140871)
10,5: (0,33,123,148.047)  #00217B94  srgba(0,33,123,0.580575)
11,5: (0,33,123,167.953)  #00217BA8  srgba(0,33,123,0.65864)
12,5: (0,33,123,166.763)  #00217BA7  srgba(0,33,123,0.653971)
13,5: (0,33,123,169.595)  #00217BAA  srgba(0,33,123,0.66508)
14,5: (0,33,123,135.447)  #00217B87  srgba(0,33,123,0.531167)
15,5: (0,33,123,32.4436)  #00217B20  srgba(0,33,123,0.12723)
16,5: (0,33,123,82.2529)  #00217B52  srgba(0,33,123,0.32256)
17,5: (0,33,123,100.79)  #00217B65  srgba(0,33,123,0.395254)
18,5: (0,33,123,212.763)  #00217BD5  srgba(0,33,123,0.834363)
19,5: (0,33,123,255)  #00217BFF  srgba(0,33,123,1)
20,5: (0,33,123,255)  #00217BFF  srgba(0,33,123,1)
21,5: (0,33,123,255)  #00217BFF  srgba(0,33,123,1)
22,5: (0,33,123,162.191)  #00217BA2  srgba(0,33,123,0.636042)
23,5: (0,33,123,92.4358)  #00217B5C  srgba(0,33,123,0.362493)
24,5: (0,33,123,95.9494)  #00217B60  srgba(0,33,123,0.376272)
25,5: (0,33,123,82.2412)  #00217B52  srgba(0,33,123,0.322515)
26,5: (0,33,123,12.2335)  #00217B0C  srgba(0,33,123,0.0479744)
0,6: (0,33,123,247.016)  #00217BF7  srgba(0,33,123,0.968688)
1,6: (0,33,123,255)  #00217BFF  srgba(0,33,123,1)
2,6: (0,33,123,255)  #00217BFF  srgba(0,33,123,1)
3,6: (0,33,123,248.37)  #00217BF8  srgba(0,33,123,0.973999)
4,6: (0,33,123,70.6304)  #00217B47  srgba(0,33,123,0.276982)
5,6: (0,33,123,0)  #00217B00  srgba(0,33,123,0)
6,6: (0,33,123,0)  #00217B00  srgba(0,33,123,0)
7,6: (0,33,123,0)  #00217B00  srgba(0,33,123,0)
8,6: (0,33,123,40.6576)  #00217B29  srgba(0,33,123,0.159442)
9,6: (0,33,123,192.319)  #00217BC0  srgba(0,33,123,0.754192)
10,6: (0,33,123,255)  #00217BFF  srgba(0,33,123,1)
11,6: (0,33,123,255)  #00217BFF  srgba(0,33,123,1)
12,6: (0,33,123,255)  #00217BFF  srgba(0,33,123,1)
13,6: (0,33,123,228.732)  #00217BE5  srgba(0,33,123,0.896986)
14,6: (0,33,123,76.3619)  #00217B4C  srgba(0,33,123,0.299458)
15,6: (0,33,123,31.4591)  #00217B1F  srgba(0,33,123,0.123369)
16,6: (0,33,123,224.171)  #00217BE0  srgba(0,33,123,0.879103)
17,6: (0,33,123,255)  #00217BFF  srgba(0,33,123,1)
18,6: (0,33,123,254.926)  #00217BFF  srgba(0,33,123,0.99971)
19,6: (0,33,123,255)  #00217BFF  srgba(0,33,123,1)
20,6: (0,33,123,255)  #00217BFF  srgba(0,33,123,1)
21,6: (0,33,123,255)  #00217BFF  srgba(0,33,123,1)
22,6: (0,33,123,254.837)  #00217BFF  srgba(0,33,123,0.999359)
23,6: (0,33,123,254.712)  #00217BFF  srgba(0,33,123,0.998871)
24,6: (0,33,123,255)  #00217BFF  srgba(0,33,123,1)
25,6: (0,33,123,220.144)  #00217BDC  srgba(0,33,123,0.86331)
26,6: (0,33,123,32.751)  #00217B21  srgba(0,33,123,0.128435)
0,7: (0,33,123,247.016)  #00217BF7  srgba(0,33,123,0.968688)
1,7: (0,33,123,255)  #00217BFF  srgba(0,33,123,1)
2,7: (0,33,123,255)  #00217BFF  srgba(0,33,123,1)
3,7: (0,33,123,248.37)  #00217BF8  srgba(0,33,123,0.973999)
4,7: (0,33,123,70.6304)  #00217B47  srgba(0,33,123,0.276982)
5,7: (0,33,123,0)  #00217B00  srgba(0,33,123,0)
6,7: (0,33,123,0)  #00217B00  srgba(0,33,123,0)
7,7: (0,33,123,46.8755)  #00217B2F  srgba(0,33,123,0.183825)
8,7: (0,33,123,199.568)  #00217BC8  srgba(0,33,123,0.78262)
9,7: (0,33,123,255)  #00217BFF  srgba(0,33,123,1)
10,7: (0,33,123,255)  #00217BFF  srgba(0,33,123,1)
11,7: (0,33,123,255)  #00217BFF  srgba(0,33,123,1)
12,7: (0,33,123,227.786)  #00217BE4  srgba(0,33,123,0.893278)
13,7: (0,33,123,77.1051)  #00217B4D  srgba(0,33,123,0.302373)
14,7: (0,33,123,0)  #00217B00  srgba(0,33,123,0)
15,7: (0,33,123,31.2062)  #00217B1F  srgba(0,33,123,0.122377)
16,7: (0,33,123,224.654)  #00217BE1  srgba(0,33,123,0.880995)
17,7: (0,33,123,255)  #00217BFF  srgba(0,33,123,1)
18,7: (0,33,123,255)  #00217BFF  srgba(0,33,123,1)
19,7: (0,33,123,255)  #00217BFF  srgba(0,33,123,1)
20,7: (0,33,123,255)  #00217BFF  srgba(0,33,123,1)
21,7: (0,33,123,255)  #00217BFF  srgba(0,33,123,1)
22,7: (0,33,123,255)  #00217BFF  srgba(0,33,123,1)
23,7: (0,33,123,255)  #00217BFF  srgba(0,33,123,1)
24,7: (0,33,123,255)  #00217BFF  srgba(0,33,123,1)
25,7: (0,33,123,220.42)  #00217BDC  srgba(0,33,123,0.864393)
26,7: (0,33,123,32.821)  #00217B21  srgba(0,33,123,0.12871)
0,8: (0,33,123,247.016)  #00217BF7  srgba(0,33,123,0.968688)
1,8: (0,33,123,255)  #00217BFF  srgba(0,33,123,1)
2,8: (0,33,123,255)  #00217BFF  srgba(0,33,123,1)
3,8: (0,33,123,248.37)  #00217BF8  srgba(0,33,123,0.973999)
4,8: (0,33,123,70.5953)  #00217B47  srgba(0,33,123,0.276844)
5,8: (0,33,123,0)  #00217B00  srgba(0,33,123,0)
6,8: (0,33,123,53.4981)  #00217B35  srgba(0,33,123,0.209796)
7,8: (0,33,123,206.374)  #00217BCE  srgba(0,33,123,0.809308)
8,8: (0,33,123,255)  #00217BFF  srgba(0,33,123,1)
9,8: (0,33,123,255)  #00217BFF  srgba(0,33,123,1)
10,8: (0,33,123,255)  #00217BFF  srgba(0,33,123,1)
11,8: (0,33,123,229.49)  #00217BE5  srgba(0,33,123,0.899962)
12,8: (0,33,123,80.0311)  #00217B50  srgba(0,33,123,0.313848)
13,8: (0,33,123,0)  #00217B00  srgba(0,33,123,0)
14,8: (0,33,123,0)  #00217B00  srgba(0,33,123,0)
15,8: (0,33,123,25.0156)  #00217B19  srgba(0,33,123,0.0981003)
16,8: (0,33,123,179.778)  #00217BB4  srgba(0,33,123,0.705013)
17,8: (0,33,123,207.381)  #00217BCF  srgba(0,33,123,0.81326)
18,8: (0,33,123,241.588)  #00217BF2  srgba(0,33,123,0.947402)
19,8: (0,33,123,255)  #00217BFF  srgba(0,33,123,1)
20,8: (0,33,123,255)  #00217BFF  srgba(0,33,123,1)
21,8: (0,33,123,255)  #00217BFF  srgba(0,33,123,1)
22,8: (0,33,123,225.533)  #00217BE2  srgba(0,33,123,0.884443)
23,8: (0,33,123,203.385)  #00217BCB  srgba(0,33,123,0.797589)
24,8: (0,33,123,205.953)  #00217BCE  srgba(0,33,123,0.80766)
25,8: (0,33,123,176.529)  #00217BB1  srgba(0,33,123,0.692271)
26,8: (0,33,123,26.2607)  #00217B1A  srgba(0,33,123,0.102983)
0,9: (0,33,123,247.016)  #00217BF7  srgba(0,33,123,0.968688)
1,9: (0,33,123,255)  #00217BFF  srgba(0,33,123,1)
2,9: (0,33,123,255)  #00217BFF  srgba(0,33,123,1)
3,9: (0,33,123,248.307)  #00217BF8  srgba(0,33,123,0.973754)
4,9: (0,33,123,69.7432)  #00217B46  srgba(0,33,123,0.273503)
5,9: (0,33,123,56.5837)  #00217B39  srgba(0,33,123,0.221897)
6,9: (0,33,123,212.646)  #00217BD5  srgba(0,33,123,0.833906)
7,9: (0,33,123,255)  #00217BFF  srgba(0,33,123,1)
8,9: (0,33,123,255)  #00217BFF  srgba(0,33,123,1)
9,9: (0,33,123,255)  #00217BFF  srgba(0,33,123,1)
10,9: (0,33,123,231.128)  #00217BE7  srgba(0,33,123,0.906386)
11,9: (0,33,123,83)  #00217B53  srgba(0,33,123,0.32549)
12,9: (0,33,123,0.108949)  #00217B00  srgba(0,33,123,0.000427253)
13,9: (0,33,123,0)  #00217B00  srgba(0,33,123,0)
14,9: (0,33,123,0)  #00217B00  srgba(0,33,123,0)
15,9: (0,33,123,1.92218)  #00217B02  srgba(0,33,123,0.00753796)
16,9: (0,33,123,13.3813)  #00217B0D  srgba(0,33,123,0.0524758)
17,9: (0,33,123,23.1595)  #00217B17  srgba(0,33,123,0.0908217)
18,9: (0,33,123,191.77)  #00217BC0  srgba(0,33,123,0.752041)
19,9: (0,33,123,255)  #00217BFF  srgba(0,33,123,1)
20,9: (0,33,123,255)  #00217BFF  srgba(0,33,123,1)
21,9: (0,33,123,255)  #00217BFF  srgba(0,33,123,1)
22,9: (0,33,123,116.058)  #00217B74  srgba(0,33,123,0.455131)
23,9: (0,33,123,11.6304)  #00217B0C  srgba(0,33,123,0.0456092)
24,9: (0,33,123,15.8327)  #00217B10  srgba(0,33,123,0.062089)
25,9: (0,33,123,13.5681)  #00217B0E  srgba(0,33,123,0.0532082)
26,9: (0,33,123,2.01946)  #00217B02  srgba(0,33,123,0.00791943)
0,10: (0,33,123,247.016)  #00217BF7  srgba(0,33,123,0.968688)
1,10: (0,33,123,255)  #00217BFF  srgba(0,33,123,1)
2,10: (0,33,123,255)  #00217BFF  srgba(0,33,123,1)
3,10: (0,33,123,247.183)  #00217BF7  srgba(0,33,123,0.969345)
4,10: (0,33,123,137.354)  #00217B89  srgba(0,33,123,0.538643)
5,10: (0,33,123,214.58)  #00217BD7  srgba(0,33,123,0.841489)
6,10: (0,33,123,255)  #00217BFF  srgba(0,33,123,1)
7,10: (0,33,123,255)  #00217BFF  srgba(0,33,123,1)
8,10: (0,33,123,255)  #00217BFF  srgba(0,33,123,1)
9,10: (0,33,123,231.268)  #00217BE7  srgba(0,33,123,0.906935)
10,10: (0,33,123,85.7665)  #00217B56  srgba(0,33,123,0.336339)
11,10: (0,33,123,0.428016)  #00217B00  srgba(0,33,123,0.00167849)
12,10: (0,33,123,0)  #00217B00  srgba(0,33,123,0)
13,10: (0,0,0,0)  #00000000  none
14,10: (0,0,0,0)  #00000000  none
15,10: (0,0,0,0)  #00000000  none
16,10: (0,33,123,0)  #00217B00  srgba(0,33,123,0)
17,10: (0,33,123,7.80156)  #00217B08  srgba(0,33,123,0.0305943)
18,10: (0,33,123,187.588)  #00217BBC  srgba(0,33,123,0.735637)
19,10: (0,33,123,255)  #00217BFF  srgba(0,33,123,1)
20,10: (0,33,123,255)  #00217BFF  srgba(0,33,123,1)
21,10: (0,33,123,255)  #00217BFF  srgba(0,33,123,1)
22,10: (0,33,123,106.926)  #00217B6B  srgba(0,33,123,0.419318)
23,10: (0,33,123,0)  #00217B00  srgba(0,33,123,0)
24,10: (0,0,0,0)  #00000000  none
25,10: (0,0,0,0)  #00000000  none
26,10: (0,0,0,0)  #00000000  none
0,11: (0,33,123,247.016)  #00217BF7  srgba(0,33,123,0.968688)
1,11: (0,33,123,255)  #00217BFF  srgba(0,33,123,1)
2,11: (0,33,123,255)  #00217BFF  srgba(0,33,123,1)
3,11: (0,33,123,253.673)  #00217BFE  srgba(0,33,123,0.994797)
4,11: (0,33,123,247.556)  #00217BF8  srgba(0,33,123,0.970809)
5,11: (0,33,123,254.868)  #00217BFF  srgba(0,33,123,0.999481)
6,11: (0,33,123,255)  #00217BFF  srgba(0,33,123,1)
7,11: (0,33,123,255)  #00217BFF  srgba(0,33,123,1)
8,11: (0,33,123,255)  #00217BFF  srgba(0,33,123,1)
9,11: (0,33,123,152.214)  #00217B98  srgba(0,33,123,0.596918)
10,11: (0,33,123,3.27237)  #00217B03  srgba(0,33,123,0.0128328)
11,11: (0,33,123,0)  #00217B00  srgba(0,33,123,0)
12,11: (0,0,0,0)  #00000000  none
13,11: (0,0,0,0)  #00000000  none
14,11: (0,0,0,0)  #00000000  none
15,11: (0,0,0,0)  #00000000  none
16,11: (0,33,123,0)  #00217B00  srgba(0,33,123,0)
17,11: (0,33,123,7.81712)  #00217B08  srgba(0,33,123,0.0306554)
18,11: (0,33,123,187.623)  #00217BBC  srgba(0,33,123,0.735775)
19,11: (0,33,123,255)  #00217BFF  srgba(0,33,123,1)
20,11: (0,33,123,255)  #00217BFF  srgba(0,33,123,1)
21,11: (0,33,123,255)  #00217BFF  srgba(0,33,123,1)
22,11: (0,33,123,106.942)  #00217B6B  srgba(0,33,123,0.419379)
23,11: (0,33,123,0)  #00217B00  srgba(0,33,123,0)
24,11: (0,0,0,0)  #00000000  none
25,11: (0,0,0,0)  #00000000  none
26,11: (0,0,0,0)  #00000000  none
0,12: (0,33,123,247.016)  #00217BF7  srgba(0,33,123,0.968688)
1,12: (0,33,123,255)  #00217BFF  srgba(0,33,123,1)
2,12: (0,33,123,255)  #00217BFF  srgba(0,33,123,1)
3,12: (0,33,123,255)  #00217BFF  srgba(0,33,123,1)
4,12: (0,33,123,255)  #00217BFF  srgba(0,33,123,1)
5,12: (0,33,123,255)  #00217BFF  srgba(0,33,123,1)
6,12: (0,33,123,255)  #00217BFF  srgba(0,33,123,1)
7,12: (0,33,123,255)  #00217BFF  srgba(0,33,123,1)
8,12: (0,33,123,255)  #00217BFF  srgba(0,33,123,1)
9,12: (0,33,123,229.008)  #00217BE5  srgba(0,33,123,0.89807)
10,12: (0,33,123,66.7665)  #00217B43  srgba(0,33,123,0.26183)
11,12: (0,33,123,0)  #00217B00  srgba(0,33,123,0)
12,12: (0,33,123,0)  #00217B00  srgba(0,33,123,0)
13,12: (0,0,0,0)  #00000000  none
14,12: (0,0,0,0)  #00000000  none
15,12: (0,0,0,0)  #00000000  none
16,12: (0,33,123,0)  #00217B00  srgba(0,33,123,0)
17,12: (0,33,123,7.81712)  #00217B08  srgba(0,33,123,0.0306554)
18,12: (0,33,123,187.623)  #00217BBC  srgba(0,33,123,0.735775)
19,12: (0,33,123,255)  #00217BFF  srgba(0,33,123,1)
20,12: (0,33,123,255)  #00217BFF  srgba(0,33,123,1)
21,12: (0,33,123,255)  #00217BFF  srgba(0,33,123,1)
22,12: (0,33,123,106.942)  #00217B6B  srgba(0,33,123,0.419379)
23,12: (0,33,123,0)  #00217B00  srgba(0,33,123,0)
24,12: (0,0,0,0)  #00000000  none
25,12: (0,0,0,0)  #00000000  none
26,12: (0,0,0,0)  #00000000  none
0,13: (0,33,123,247.016)  #00217BF7  srgba(0,33,123,0.968688)
1,13: (0,33,123,255)  #00217BFF  srgba(0,33,123,1)
2,13: (0,33,123,255)  #00217BFF  srgba(0,33,123,1)
3,13: (0,33,123,255)  #00217BFF  srgba(0,33,123,1)
4,13: (0,33,123,255)  #00217BFF  srgba(0,33,123,1)
5,13: (0,33,123,254.004)  #00217BFE  srgba(0,33,123,0.996094)
6,13: (0,33,123,252.42)  #00217BFC  srgba(0,33,123,0.989883)
7,13: (0,33,123,255)  #00217BFF  srgba(0,33,123,1)
8,13: (0,33,123,255)  #00217BFF  srgba(0,33,123,1)
9,13: (0,33,123,255)  #00217BFF  srgba(0,33,123,1)
10,13: (0,33,123,204.918)  #00217BCD  srgba(0,33,123,0.803601)
11,13: (0,33,123,36.9027)  #00217B25  srgba(0,33,123,0.144717)
12,13: (0,33,123,0)  #00217B00  srgba(0,33,123,0)
13,13: (0,33,123,0)  #00217B00  srgba(0,33,123,0)
14,13: (0,0,0,0)  #00000000  none
15,13: (0,0,0,0)  #00000000  none
16,13: (0,33,123,0)  #00217B00  srgba(0,33,123,0)
17,13: (0,33,123,7.81712)  #00217B08  srgba(0,33,123,0.0306554)
18,13: (0,33,123,187.623)  #00217BBC  srgba(0,33,123,0.735775)
19,13: (0,33,123,255)  #00217BFF  srgba(0,33,123,1)
20,13: (0,33,123,255)  #00217BFF  srgba(0,33,123,1)
21,13: (0,33,123,255)  #00217BFF  srgba(0,33,123,1)
22,13: (0,33,123,106.918)  #00217B6B  srgba(0,33,123,0.419287)
23,13: (0,33,123,0)  #00217B00  srgba(0,33,123,0)
24,13: (0,0,0,0)  #00000000  none
25,13: (0,0,0,0)  #00000000  none
26,13: (0,0,0,0)  #00000000  none
0,14: (0,33,123,247.016)  #00217BF7  srgba(0,33,123,0.968688)
1,14: (0,33,123,255)  #00217BFF  srgba(0,33,123,1)
2,14: (0,33,123,255)  #00217BFF  srgba(0,33,123,1)
3,14: (0,33,123,255)  #00217BFF  srgba(0,33,123,1)
4,14: (0,33,123,255)  #00217BFF  srgba(0,33,123,1)
5,14: (0,33,123,181.595)  #00217BB6  srgba(0,33,123,0.712139)
6,14: (0,33,123,137.136)  #00217B89  srgba(0,33,123,0.537789)
7,14: (0,33,123,247.79)  #00217BF8  srgba(0,33,123,0.971725)
8,14: (0,33,123,255)  #00217BFF  srgba(0,33,123,1)
9,14: (0,33,123,255)  #00217BFF  srgba(0,33,123,1)
10,14: (0,33,123,255)  #00217BFF  srgba(0,33,123,1)
11,14: (0,33,123,171.008)  #00217BAB  srgba(0,33,123,0.670619)
12,14: (0,33,123,16.1012)  #00217B10  srgba(0,33,123,0.0631418)
13,14: (0,33,123,0)  #00217B00  srgba(0,33,123,0)
14,14: (0,0,0,0)  #00000000  none
15,14: (0,0,0,0)  #00000000  none
16,14: (0,33,123,0)  #00217B00  srgba(0,33,123,0)
17,14: (0,33,123,7.80545)  #00217B08  srgba(0,33,123,0.0306096)
18,14: (0,33,123,187.591)  #00217BBC  srgba(0,33,123,0.735653)
19,14: (0,33,123,255)  #00217BFF  srgba(0,33,123,1)
20,14: (0,33,123,255)  #00217BFF  srgba(0,33,123,1)
21,14: (0,33,123,255)  #00217BFF  srgba(0,33,123,1)
22,14: (0,33,123,107.514)  #00217B6C  srgba(0,33,123,0.421622)
23,14: (0,33,123,0)  #00217B00  srgba(0,33,123,0)
24,14: (0,0,0,0)  #00000000  none
25,14: (0,0,0,0)  #00000000  none
26,14: (0,0,0,0)  #00000000  none
0,15: (0,33,123,247.016)  #00217BF7  srgba(0,33,123,0.968688)
1,15: (0,33,123,255)  #00217BFF  srgba(0,33,123,1)
2,15: (0,33,123,255)  #00217BFF  srgba(0,33,123,1)
3,15: (0,33,123,255)  #00217BFF  srgba(0,33,123,1)
4,15: (0,33,123,183.28)  #00217BB7  srgba(0,33,123,0.718746)
5,15: (0,33,123,30.3385)  #00217B1E  srgba(0,33,123,0.118975)
6,15: (0,33,123,8.82879)  #00217B09  srgba(0,33,123,0.0346227)
7,15: (0,33,123,153.638)  #00217B9A  srgba(0,33,123,0.602502)
8,15: (0,33,123,254.942)  #00217BFF  srgba(0,33,123,0.999771)
9,15: (0,33,123,255)  #00217BFF  srgba(0,33,123,1)
10,15: (0,33,123,255)  #00217BFF  srgba(0,33,123,1)
11,15: (0,33,123,252.3)  #00217BFC  srgba(0,33,123,0.98941)
12,15: (0,33,123,131.595)  #00217B84  srgba(0,33,123,0.51606)
13,15: (0,33,123,4.20233)  #00217B04  srgba(0,33,123,0.0164797)
14,15: (0,33,123,0)  #00217B00  srgba(0,33,123,0)
15,15: (0,0,0,0)  #00000000  none
16,15: (0,33,123,0)  #00217B00  srgba(0,33,123,0)
17,15: (0,33,123,5.64981)  #00217B06  srgba(0,33,123,0.0221561)
18,15: (0,33,123,180.891)  #00217BB5  srgba(0,33,123,0.709377)
19,15: (0,33,123,255)  #00217BFF  srgba(0,33,123,1)
20,15: (0,33,123,255)  #00217BFF  srgba(0,33,123,1)
21,15: (0,33,123,255)  #00217BFF  srgba(0,33,123,1)
22,15: (0,33,123,139.498)  #00217B8B  srgba(0,33,123,0.547051)
23,15: (0,33,123,0.0194553)  #00217B00  srgba(0,33,123,7.62951e-05)
24,15: (0,33,123,0)  #00217B00  srgba(0,33,123,0)
25,15: (0,33,123,3.22179)  #00217B03  srgba(0,33,123,0.0126345)
26,15: (0,33,123,1.45914)  #00217B01  srgba(0,33,123,0.00572213)
0,16: (0,33,123,247.016)  #00217BF7  srgba(0,33,123,0.968688)
1,16: (0,33,123,255)  #00217BFF  srgba(0,33,123,1)
2,16: (0,33,123,255)  #00217BFF  srgba(0,33,123,1)
3,16: (0,33,123,249.595)  #00217BFA  srgba(0,33,123,0.978805)
4,16: (0,33,123,77.1556)  #00217B4D  srgba(0,33,123,0.302571)
5,16: (0,33,123,0)  #00217B00  srgba(0,33,123,0)
6,16: (0,33,123,0)  #00217B00  srgba(0,33,123,0)
7,16: (0,33,123,25.179)  #00217B19  srgba(0,33,123,0.0987411)
8,16: (0,33,123,187.366)  #00217BBB  srgba(0,33,123,0.734768)
9,16: (0,33,123,255)  #00217BFF  srgba(0,33,123,1)
10,16: (0,33,123,255)  #00217BFF  srgba(0,33,123,1)
11,16: (0,33,123,255)  #00217BFF  srgba(0,33,123,1)
12,16: (0,33,123,241.969)  #00217BF2  srgba(0,33,123,0.948898)
13,16: (0,33,123,91.7121)  #00217B5C  srgba(0,33,123,0.359655)
14,16: (0,33,123,0)  #00217B00  srgba(0,33,123,0)
15,16: (0,33,123,0)  #00217B00  srgba(0,33,123,0)
16,16: (0,33,123,0)  #00217B00  srgba(0,33,123,0)
17,16: (0,33,123,0)  #00217B00  srgba(0,33,123,0)
18,16: (0,33,123,145.412)  #00217B91  srgba(0,33,123,0.570245)
19,16: (0,33,123,255)  #00217BFF  srgba(0,33,123,1)
20,16: (0,33,123,255)  #00217BFF  srgba(0,33,123,1)
21,16: (0,33,123,255)  #00217BFF  srgba(0,33,123,1)
22,16: (0,33,123,233.35)  #00217BE9  srgba(0,33,123,0.915099)
23,16: (0,33,123,132.79)  #00217B85  srgba(0,33,123,0.520745)
24,16: (0,33,123,107.482)  #00217B6B  srgba(0,33,123,0.4215)
25,16: (0,33,123,147.019)  #00217B93  srgba(0,33,123,0.576547)
26,16: (0,33,123,42.0895)  #00217B2A  srgba(0,33,123,0.165057)
0,17: (0,33,123,247.016)  #00217BF7  srgba(0,33,123,0.968688)
1,17: (0,33,123,255)  #00217BFF  srgba(0,33,123,1)
2,17: (0,33,123,255)  #00217BFF  srgba(0,33,123,1)
3,17: (0,33,123,248.358)  #00217BF8  srgba(0,33,123,0.973953)
4,17: (0,33,123,70.5992)  #00217B47  srgba(0,33,123,0.27686)
5,17: (0,33,123,0)  #00217B00  srgba(0,33,123,0)
6,17: (0,33,123,0)  #00217B00  srgba(0,33,123,0)
7,17: (0,33,123,0)  #00217B00  srgba(0,33,123,0)
8,17: (0,33,123,47.8366)  #00217B30  srgba(0,33,123,0.187594)
9,17: (0,33,123,215.156)  #00217BD7  srgba(0,33,123,0.843748)
10,17: (0,33,123,255)  #00217BFF  srgba(0,33,123,1)
11,17: (0,33,123,255)  #00217BFF  srgba(0,33,123,1)
12,17: (0,33,123,255)  #00217BFF  srgba(0,33,123,1)
13,17: (0,33,123,223.078)  #00217BDF  srgba(0,33,123,0.874815)
14,17: (0,33,123,56.3191)  #00217B38  srgba(0,33,123,0.220859)
15,17: (0,33,123,0)  #00217B00  srgba(0,33,123,0)
16,17: (0,33,123,0)  #00217B00  srgba(0,33,123,0)
17,17: (0,33,123,0)  #00217B00  srgba(0,33,123,0)
18,17: (0,33,123,69.8677)  #00217B46  srgba(0,33,123,0.273991)
19,17: (0,33,123,240.802)  #00217BF1  srgba(0,33,123,0.94432)
20,17: (0,33,123,255)  #00217BFF  srgba(0,33,123,1)
21,17: (0,33,123,255)  #00217BFF  srgba(0,33,123,1)
22,17: (0,33,123,255)  #00217BFF  srgba(0,33,123,1)
23,17: (0,33,123,255)  #00217BFF  srgba(0,33,123,1)
24,17: (0,33,123,255)  #00217BFF  srgba(0,33,123,1)
25,17: (0,33,123,252.7)  #00217BFD  srgba(0,33,123,0.990982)
26,17: (0,33,123,124.198)  #00217B7C  srgba(0,33,123,0.487053)
0,18: (0,33,123,247.035)  #00217BF7  srgba(0,33,123,0.968765)
1,18: (0,33,123,255)  #00217BFF  srgba(0,33,123,1)
2,18: (0,33,123,255)  #00217BFF  srgba(0,33,123,1)
3,18: (0,33,123,248.401)  #00217BF8  srgba(0,33,123,0.974121)
4,18: (0,33,123,70.7121)  #00217B47  srgba(0,33,123,0.277302)
5,18: (0,33,123,0)  #00217B00  srgba(0,33,123,0)
6,18: (0,0,0,0)  #00000000  none
7,18: (0,33,123,0)  #00217B00  srgba(0,33,123,0)
8,18: (0,33,123,0)  #00217B00  srgba(0,33,123,0)
9,18: (0,33,123,77.1712)  #00217B4D  srgba(0,33,123,0.302632)
10,18: (0,33,123,234.537)  #00217BEB  srgba(0,33,123,0.919753)
11,18: (0,33,123,255)  #00217BFF  srgba(0,33,123,1)
12,18: (0,33,123,255)  #00217BFF  srgba(0,33,123,1)
13,18: (0,33,123,255)  #00217BFF  srgba(0,33,123,1)
14,18: (0,33,123,196.883)  #00217BC5  srgba(0,33,123,0.772091)
15,18: (0,33,123,31.4397)  #00217B1F  srgba(0,33,123,0.123293)
16,18: (0,33,123,0)  #00217B00  srgba(0,33,123,0)
17,18: (0,33,123,0)  #00217B00  srgba(0,33,123,0)
18,18: (0,33,123,5.30739)  #00217B05  srgba(0,33,123,0.0208133)
19,18: (0,33,123,126.175)  #00217B7E  srgba(0,33,123,0.494804)
20,18: (0,33,123,243.354)  #00217BF3  srgba(0,33,123,0.95433)
21,18: (0,33,123,255)  #00217BFF  srgba(0,33,123,1)
22,18: (0,33,123,255)  #00217BFF  srgba(0,33,123,1)
23,18: (0,33,123,255)  #00217BFF  srgba(0,33,123,1)
24,18: (0,33,123,255)  #00217BFF  srgba(0,33,123,1)
25,18: (0,33,123,255)  #00217BFF  srgba(0,33,123,1)
26,18: (0,33,123,209.354)  #00217BD1  srgba(0,33,123,0.820996)
0,19: (0,33,123,198.486)  #00217BC6  srgba(0,33,123,0.778378)
1,19: (0,33,123,205.253)  #00217BCD  srgba(0,33,123,0.804913)
2,19: (0,33,123,205.226)  #00217BCD  srgba(0,33,123,0.804807)
3,19: (0,33,123,199.576)  #00217BC8  srgba(0,33,123,0.78265)
4,19: (0,33,123,56.7549)  #00217B39  srgba(0,33,123,0.222568)
5,19: (0,33,123,0)  #00217B00  srgba(0,33,123,0)
6,19: (0,0,0,0)  #00000000  none
7,19: (0,0,0,0)  #00000000  none
8,19: (0,33,123,0)  #00217B00  srgba(0,33,123,0)
9,19: (0,33,123,2.36965)  #00217B02  srgba(0,33,123,0.00929274)
10,19: (0,33,123,115.436)  #00217B73  srgba(0,33,123,0.452689)
11,19: (0,33,123,206.471)  #00217BCE  srgba(0,33,123,0.809689)
12,19: (0,33,123,204.942)  #00217BCD  srgba(0,33,123,0.803693)
13,19: (0,33,123,205.047)  #00217BCD  srgba(0,33,123,0.804105)
14,19: (0,33,123,206.693)  #00217BCF  srgba(0,33,123,0.810559)
15,19: (0,33,123,105)  #00217B69  srgba(0,33,123,0.411765)
16,19: (0,33,123,0)  #00217B00  srgba(0,33,123,0)
17,19: (0,33,123,0)  #00217B00  srgba(0,33,123,0)
18,19: (0,33,123,0)  #00217B00  srgba(0,33,123,0)
19,19: (0,33,123,7.99611)  #00217B08  srgba(0,33,123,0.0313573)
20,19: (0,33,123,90.4397)  #00217B5A  srgba(0,33,123,0.354665)
21,19: (0,33,123,189.619)  #00217BBE  srgba(0,33,123,0.743603)
22,19: (0,33,123,235.786)  #00217BEC  srgba(0,33,123,0.924651)
23,19: (0,33,123,248.276)  #00217BF8  srgba(0,33,123,0.973632)
24,19: (0,33,123,239.07)  #00217BEF  srgba(0,33,123,0.93753)
25,19: (0,33,123,198.393)  #00217BC6  srgba(0,33,123,0.778012)
26,19: (0,33,123,116.747)  #00217B75  srgba(0,33,123,0.457832)
