# ImageMagick pixel enumeration: 24,20,255,srgba
0,0: (0,33,123,255)  #00217BFF  srgba(0,33,123,1)
1,0: (0,33,123,131.16)  #00217B83  srgba(0,33,123,0.514351)
2,0: (0,33,123,0)  #00217B00  srgba(0,33,123,0)
3,0: (0,0,0,0)  #00000000  none
4,0: (0,0,0,0)  #00000000  none
5,0: (0,0,0,0)  #00000000  none
6,0: (0,0,0,0)  #00000000  none
7,0: (0,0,0,0)  #00000000  none
8,0: (0,0,0,0)  #00000000  none
9,0: (0,0,0,0)  #00000000  none
10,0: (0,0,0,0)  #00000000  none
11,0: (0,0,0,0)  #00000000  none
12,0: (0,0,0,0)  #00000000  none
13,0: (0,0,0,0)  #00000000  none
14,0: (0,0,0,0)  #00000000  none
15,0: (0,0,0,0)  #00000000  none
16,0: (0,0,0,0)  #00000000  none
17,0: (0,0,0,0)  #00000000  none
18,0: (0,0,0,0)  #00000000  none
19,0: (0,0,0,0)  #00000000  none
20,0: (0,0,0,0)  #00000000  none
21,0: (0,0,0,0)  #00000000  none
22,0: (0,0,0,0)  #00000000  none
23,0: (0,0,0,0)  #00000000  none
0,1: (0,33,123,255)  #00217BFF  srgba(0,33,123,1)
1,1: (0,33,123,131.16)  #00217B83  srgba(0,33,123,0.514351)
2,1: (0,33,123,0)  #00217B00  srgba(0,33,123,0)
3,1: (0,0,0,0)  #00000000  none
4,1: (0,0,0,0)  #00000000  none
5,1: (0,0,0,0)  #00000000  none
6,1: (0,0,0,0)  #00000000  none
7,1: (0,0,0,0)  #00000000  none
8,1: (0,0,0,0)  #00000000  none
9,1: (0,0,0,0)  #00000000  none
10,1: (0,0,0,0)  #00000000  none
11,1: (0,0,0,0)  #00000000  none
12,1: (0,0,0,0)  #00000000  none
13,1: (0,33,123,0)  #00217B00  srgba(0,33,123,0)
14,1: (0,33,123,0.0817121)  #00217B00  srgba(0,33,123,0.000320439)
15,1: (0,33,123,9.10117)  #00217B09  srgba(0,33,123,0.0356909)
16,1: (0,33,123,14.2179)  #00217B0E  srgba(0,33,123,0.0557565)
17,1: (0,33,123,13.9767)  #00217B0E  srgba(0,33,123,0.0548104)
18,1: (0,33,123,14.1362)  #00217B0E  srgba(0,33,123,0.055436)
19,1: (0,33,123,6.54475)  #00217B07  srgba(0,33,123,0.0256657)
20,1: (0,33,123,0)  #00217B00  srgba(0,33,123,0)
21,1: (0,0,0,0)  #00000000  none
22,1: (0,0,0,0)  #00000000  none
23,1: (0,0,0,0)  #00000000  none
0,2: (0,33,123,255)  #00217BFF  srgba(0,33,123,1)
1,2: (0,33,123,131.16)  #00217B83  srgba(0,33,123,0.514351)
2,2: (0,33,123,0)  #00217B00  srgba(0,33,123,0)
3,2: (0,0,0,0)  #00000000  none
4,2: (0,0,0,0)  #00000000  none
5,2: (0,0,0,0)  #00000000  none
6,2: (0,0,0,0)  #00000000  none
7,2: (0,0,0,0)  #00000000  none
8,2: (0,0,0,0)  #00000000  none
9,2: (0,0,0,0)  #00000000  none
10,2: (0,0,0,0)  #00000000  none
11,2: (0,0,0,0)  #00000000  none
12,2: (0,0,0,0)  #00000000  none
13,2: (0,33,123,0)  #00217B00  srgba(0,33,123,0)
14,2: (0,33,123,1.18288)  #00217B01  srgba(0,33,123,0.00463874)
15,2: (0,33,123,131.167)  #00217B83  srgba(0,33,123,0.514382)
16,2: (0,33,123,204.942)  #00217BCD  srgba(0,33,123,0.803693)
17,2: (0,33,123,201.455)  #00217BC9  srgba(0,33,123,0.790021)
18,2: (0,33,123,203.751)  #00217BCC  srgba(0,33,123,0.799023)
19,2: (0,33,123,94.3152)  #00217B5E  srgba(0,33,123,0.369863)
20,2: (0,33,123,0)  #00217B00  srgba(0,33,123,0)
21,2: (0,0,0,0)  #00000000  none
22,2: (0,0,0,0)  #00000000  none
23,2: (0,0,0,0)  #00000000  none
0,3: (0,33,123,255)  #00217BFF  srgba(0,33,123,1)
1,3: (0,33,123,131.16)  #00217B83  srgba(0,33,123,0.514351)
2,3: (0,33,123,0)  #00217B00  srgba(0,33,123,0)
3,3: (0,0,0,0)  #00000000  none
4,3: (0,0,0,0)  #00000000  none
5,3: (0,0,0,0)  #00000000  none
6,3: (0,0,0,0)  #00000000  none
7,3: (0,0,0,0)  #00000000  none
8,3: (0,0,0,0)  #00000000  none
9,3: (0,0,0,0)  #00000000  none
10,3: (0,0,0,0)  #00000000  none
11,3: (0,0,0,0)  #00000000  none
12,3: (0,0,0,0)  #00000000  none
13,3: (0,33,123,0)  #00217B00  srgba(0,33,123,0)
14,3: (0,33,123,1.50973)  #00217B02  srgba(0,33,123,0.0059205)
15,3: (0,33,123,166.078)  #00217BA6  srgba(0,33,123,0.651286)
16,3: (0,33,123,255)  #00217BFF  srgba(0,33,123,1)
17,3: (0,33,123,255)  #00217BFF  srgba(0,33,123,1)
18,3: (0,33,123,255)  #00217BFF  srgba(0,33,123,1)
19,3: (0,33,123,119.529)  #00217B78  srgba(0,33,123,0.468742)
20,3: (0,33,123,0)  #00217B00  srgba(0,33,123,0)
21,3: (0,0,0,0)  #00000000  none
22,3: (0,0,0,0)  #00000000  none
23,3: (0,0,0,0)  #00000000  none
0,4: (0,33,123,255)  #00217BFF  srgba(0,33,123,1)
1,4: (0,33,123,131.16)  #00217B83  srgba(0,33,123,0.514351)
2,4: (0,33,123,0)  #00217B00  srgba(0,33,123,0)
3,4: (0,0,0,0)  #00000000  none
4,4: (0,0,0,0)  #00000000  none
5,4: (0,0,0,0)  #00000000  none
6,4: (0,33,123,0)  #00217B00  srgba(0,33,123,0)
7,4: (0,33,123,0.824903)  #00217B01  srgba(0,33,123,0.00323491)
8,4: (0,33,123,1.72763)  #00217B02  srgba(0,33,123,0.00677501)
9,4: (0,33,123,1.70428)  #00217B02  srgba(0,33,123,0.00668345)
10,4: (0,33,123,1.64981)  #00217B02  srgba(0,33,123,0.00646983)
11,4: (0,33,123,2.77821)  #00217B03  srgba(0,33,123,0.0108949)
12,4: (0,33,123,2.20623)  #00217B02  srgba(0,33,123,0.00865187)
13,4: (0,33,123,0)  #00217B00  srgba(0,33,123,0)
14,4: (0,33,123,1.45914)  #00217B01  srgba(0,33,123,0.00572213)
15,4: (0,33,123,165.86)  #00217BA6  srgba(0,33,123,0.650431)
16,4: (0,33,123,255)  #00217BFF  srgba(0,33,123,1)
17,4: (0,33,123,255)  #00217BFF  srgba(0,33,123,1)
18,4: (0,33,123,255)  #00217BFF  srgba(0,33,123,1)
19,4: (0,33,123,119.327)  #00217B77  srgba(0,33,123,0.467948)
20,4: (0,33,123,0)  #00217B00  srgba(0,33,123,0)
21,4: (0,0,0,0)  #00000000  none
22,4: (0,0,0,0)  #00000000  none
23,4: (0,0,0,0)  #00000000  none
0,5: (0,33,123,255)  #00217BFF  srgba(0,33,123,1)
1,5: (0,33,123,131.16)  #00217B83  srgba(0,33,123,0.514351)
2,5: (0,33,123,0)  #00217B00  srgba(0,33,123,0)
3,5: (0,0,0,0)  #00000000  none
4,5: (0,33,123,0)  #00217B00  srgba(0,33,123,0)
5,5: (0,33,123,0)  #00217B00  srgba(0,33,123,0)
6,5: (0,33,123,18.4358)  #00217B12  srgba(0,33,123,0.0722972)
7,5: (0,33,123,130.078)  #00217B82  srgba(0,33,123,0.510109)
8,5: (0,33,123,168.56)  #00217BA9  srgba(0,33,123,0.661021)
9,5: (0,33,123,166.763)  #00217BA7  srgba(0,33,123,0.653971)
10,5: (0,33,123,168.856)  #00217BA9  srgba(0,33,123,0.662181)
11,5: (0,33,123,148.506)  #00217B95  srgba(0,33,123,0.582376)
12,5: (0,33,123,39.4241)  #00217B27  srgba(0,33,123,0.154604)
13,5: (0,33,123,74.3541)  #00217B4A  srgba(0,33,123,0.291585)
14,5: (0,33,123,97.2802)  #00217B61  srgba(0,33,123,0.381491)
15,5: (0,33,123,199.23)  #00217BC7  srgba(0,33,123,0.781292)
16,5: (0,33,123,255)  #00217BFF  srgba(0,33,123,1)
17,5: (0,33,123,255)  #00217BFF  srgba(0,33,123,1)
18,5: (0,33,123,255)  #00217BFF  srgba(0,33,123,1)
19,5: (0,33,123,169.992)  #00217BAA  srgba(0,33,123,0.666636)
20,5: (0,33,123,92.6809)  #00217B5D  srgba(0,33,123,0.363455)
21,5: (0,33,123,95.9105)  #00217B60  srgba(0,33,123,0.37612)
22,5: (0,33,123,82.8716)  #00217B53  srgba(0,33,123,0.324987)
23,5: (0,33,123,12.93)  #00217B0D  srgba(0,33,123,0.0507057)
0,6: (0,33,123,255)  #00217BFF  srgba(0,33,123,1)
1,6: (0,33,123,131.16)  #00217B83  srgba(0,33,123,0.514351)
2,6: (0,33,123,0)  #00217B00  srgba(0,33,123,0)
3,6: (0,33,123,0)  #00217B00  srgba(0,33,123,0)
4,6: (0,33,123,0)  #00217B00  srgba(0,33,123,0)
5,6: (0,33,123,20.2374)  #00217B14  srgba(0,33,123,0.0793622)
6,6: (0,33,123,159.996)  #00217BA0  srgba(0,33,123,0.627436)
7,6: (0,33,123,252.837)  #00217BFD  srgba(0,33,123,0.991516)
8,6: (0,33,123,255)  #00217BFF  srgba(0,33,123,1)
9,6: (0,33,123,255)  #00217BFF  srgba(0,33,123,1)
10,6: (0,33,123,240.965)  #00217BF1  srgba(0,33,123,0.944961)
11,6: (0,33,123,102.432)  #00217B66  srgba(0,33,123,0.401694)
12,6: (0,33,123,18.5798)  #00217B13  srgba(0,33,123,0.0728618)
13,6: (0,33,123,203.553)  #00217BCC  srgba(0,33,123,0.798245)
14,6: (0,33,123,255)  #00217BFF  srgba(0,33,123,1)
15,6: (0,33,123,254.899)  #00217BFF  srgba(0,33,123,0.999603)
16,6: (0,33,123,255)  #00217BFF  srgba(0,33,123,1)
17,6: (0,33,123,255)  #00217BFF  srgba(0,33,123,1)
18,6: (0,33,123,255)  #00217BFF  srgba(0,33,123,1)
19,6: (0,33,123,254.848)  #00217BFF  srgba(0,33,123,0.999405)
20,6: (0,33,123,254.712)  #00217BFF  srgba(0,33,123,0.998871)
21,6: (0,33,123,255)  #00217BFF  srgba(0,33,123,1)
22,6: (0,33,123,221.837)  #00217BDE  srgba(0,33,123,0.869947)
23,6: (0,33,123,34.6109)  #00217B23  srgba(0,33,123,0.135729)
0,7: (0,33,123,255)  #00217BFF  srgba(0,33,123,1)
1,7: (0,33,123,131.16)  #00217B83  srgba(0,33,123,0.514351)
2,7: (0,33,123,0)  #00217B00  srgba(0,33,123,0)
3,7: (0,33,123,0)  #00217B00  srgba(0,33,123,0)
4,7: (0,33,123,23.4553)  #00217B17  srgba(0,33,123,0.0919814)
5,7: (0,33,123,166.642)  #00217BA7  srgba(0,33,123,0.653498)
6,7: (0,33,123,253.689)  #00217BFE  srgba(0,33,123,0.994858)
7,7: (0,33,123,255)  #00217BFF  srgba(0,33,123,1)
8,7: (0,33,123,255)  #00217BFF  srgba(0,33,123,1)
9,7: (0,33,123,240.934)  #00217BF1  srgba(0,33,123,0.944839)
10,7: (0,33,123,104.257)  #00217B68  srgba(0,33,123,0.40885)
11,7: (0,33,123,1.51751)  #00217B02  srgba(0,33,123,0.00595102)
12,7: (0,33,123,15.3191)  #00217B0F  srgba(0,33,123,0.0600748)
13,7: (0,33,123,204.198)  #00217BCC  srgba(0,33,123,0.800778)
14,7: (0,33,123,255)  #00217BFF  srgba(0,33,123,1)
15,7: (0,33,123,255)  #00217BFF  srgba(0,33,123,1)
16,7: (0,33,123,255)  #00217BFF  srgba(0,33,123,1)
17,7: (0,33,123,255)  #00217BFF  srgba(0,33,123,1)
18,7: (0,33,123,255)  #00217BFF  srgba(0,33,123,1)
19,7: (0,33,123,255)  #00217BFF  srgba(0,33,123,1)
20,7: (0,33,123,255)  #00217BFF  srgba(0,33,123,1)
21,7: (0,33,123,255)  #00217BFF  srgba(0,33,123,1)
22,7: (0,33,123,222.109)  #00217BDE  srgba(0,33,123,0.871015)
23,7: (0,33,123,34.6809)  #00217B23  srgba(0,33,123,0.136004)
0,8: (0,33,123,255)  #00217BFF  srgba(0,33,123,1)
1,8: (0,33,123,131.16)  #00217B83  srgba(0,33,123,0.514351)
2,8: (0,33,123,0)  #00217B00  srgba(0,33,123,0)
3,8: (0,33,123,26.9222)  #00217B1B  srgba(0,33,123,0.105577)
4,8: (0,33,123,173.089)  #00217BAD  srgba(0,33,123,0.678782)
5,8: (0,33,123,254.416)  #00217BFE  srgba(0,33,123,0.997711)
6,8: (0,33,123,255)  #00217BFF  srgba(0,33,123,1)
7,8: (0,33,123,255)  #00217BFF  srgba(0,33,123,1)
8,8: (0,33,123,242.802)  #00217BF3  srgba(0,33,123,0.952163)
9,8: (0,33,123,109.502)  #00217B6E  srgba(0,33,123,0.429419)
10,8: (0,33,123,3.33463)  #00217B03  srgba(0,33,123,0.013077)
11,8: (0,33,123,0)  #00217B00  srgba(0,33,123,0)
12,8: (0,33,123,12.4553)  #00217B0C  srgba(0,33,123,0.0488441)
13,8: (0,33,123,163.447)  #00217BA3  srgba(0,33,123,0.64097)
14,8: (0,33,123,207.089)  #00217BCF  srgba(0,33,123,0.812116)
15,8: (0,33,123,237.292)  #00217BED  srgba(0,33,123,0.930556)
16,8: (0,33,123,255)  #00217BFF  srgba(0,33,123,1)
17,8: (0,33,123,255)  #00217BFF  srgba(0,33,123,1)
18,8: (0,33,123,255)  #00217BFF  srgba(0,33,123,1)
19,8: (0,33,123,228.012)  #00217BE4  srgba(0,33,123,0.894163)
20,8: (0,33,123,203.463)  #00217BCB  srgba(0,33,123,0.797894)
21,8: (0,33,123,205.864)  #00217BCE  srgba(0,33,123,0.807309)
22,8: (0,33,123,177.883)  #00217BB2  srgba(0,33,123,0.697581)
23,8: (0,33,123,27.7549)  #00217B1C  srgba(0,33,123,0.108843)
0,9: (0,33,123,255)  #00217BFF  srgba(0,33,123,1)
1,9: (0,33,123,129.798)  #00217B82  srgba(0,33,123,0.50901)
2,9: (0,33,123,27.3696)  #00217B1B  srgba(0,33,123,0.107332)
3,9: (0,33,123,179.319)  #00217BB3  srgba(0,33,123,0.703212)
4,9: (0,33,123,254.969)  #00217BFF  srgba(0,33,123,0.999878)
5,9: (0,33,123,255)  #00217BFF  srgba(0,33,123,1)
6,9: (0,33,123,255)  #00217BFF  srgba(0,33,123,1)
7,9: (0,33,123,244.514)  #00217BF5  srgba(0,33,123,0.958877)
8,9: (0,33,123,114.794)  #00217B73  srgba(0,33,123,0.450172)
9,9: (0,33,123,4.29572)  #00217B04  srgba(0,33,123,0.016846)
10,9: (0,33,123,0)  #00217B00  srgba(0,33,123,0)
11,9: (0,33,123,0)  #00217B00  srgba(0,33,123,0)
12,9: (0,33,123,0.957198)  #00217B01  srgba(0,33,123,0.00375372)
13,9: (0,33,123,12.4436)  #00217B0C  srgba(0,33,123,0.0487984)
14,9: (0,33,123,17.3035)  #00217B11  srgba(0,33,123,0.0678569)
15,9: (0,33,123,171.514)  #00217BAC  srgba(0,33,123,0.672602)
16,9: (0,33,123,255)  #00217BFF  srgba(0,33,123,1)
17,9: (0,33,123,255)  #00217BFF  srgba(0,33,123,1)
18,9: (0,33,123,255)  #00217BFF  srgba(0,33,123,1)
19,9: (0,33,123,127.739)  #00217B80  srgba(0,33,123,0.500938)
20,9: (0,33,123,11.9961)  #00217B0C  srgba(0,33,123,0.0470436)
21,9: (0,33,123,15.8249)  #00217B10  srgba(0,33,123,0.0620584)
22,9: (0,33,123,13.6732)  #00217B0E  srgba(0,33,123,0.0536202)
23,9: (0,33,123,2.1323)  #00217B02  srgba(0,33,123,0.00836194)
0,10: (0,33,123,255)  #00217BFF  srgba(0,33,123,1)
1,10: (0,33,123,163.938)  #00217BA4  srgba(0,33,123,0.642893)
2,10: (0,33,123,182.043)  #00217BB6  srgba(0,33,123,0.713893)
3,10: (0,33,123,255)  #00217BFF  srgba(0,33,123,1)
4,10: (0,33,123,255)  #00217BFF  srgba(0,33,123,1)
5,10: (0,33,123,255)  #00217BFF  srgba(0,33,123,1)
6,10: (0,33,123,244.856)  #00217BF5  srgba(0,33,123,0.96022)
7,10: (0,33,123,119.572)  #00217B78  srgba(0,33,123,0.46891)
8,10: (0,33,123,5.42802)  #00217B05  srgba(0,33,123,0.0212863)
9,10: (0,33,123,0)  #00217B00  srgba(0,33,123,0)
10,10: (0,0,0,0)  #00000000  none
11,10: (0,0,0,0)  #00000000  none
12,10: (0,0,0,0)  #00000000  none
13,10: (0,33,123,0)  #00217B00  srgba(0,33,123,0)
14,10: (0,33,123,1.49027)  #00217B01  srgba(0,33,123,0.00584421)
15,10: (0,33,123,165.996)  #00217BA6  srgba(0,33,123,0.650965)
16,10: (0,33,123,255)  #00217BFF  srgba(0,33,123,1)
17,10: (0,33,123,255)  #00217BFF  srgba(0,33,123,1)
18,10: (0,33,123,255)  #00217BFF  srgba(0,33,123,1)
19,10: (0,33,123,119.374)  #00217B77  srgba(0,33,123,0.468132)
20,10: (0,33,123,0)  #00217B00  srgba(0,33,123,0)
21,10: (0,0,0,0)  #00000000  none
22,10: (0,0,0,0)  #00000000  none
23,10: (0,0,0,0)  #00000000  none
0,11: (0,33,123,254.949)  #00217BFF  srgba(0,33,123,0.999802)
1,11: (0,33,123,247.79)  #00217BF8  srgba(0,33,123,0.971725)
2,11: (0,33,123,253.506)  #00217BFE  srgba(0,33,123,0.994141)
3,11: (0,33,123,255)  #00217BFF  srgba(0,33,123,1)
4,11: (0,33,123,255)  #00217BFF  srgba(0,33,123,1)
5,11: (0,33,123,255)  #00217BFF  srgba(0,33,123,1)
6,11: (0,33,123,192.712)  #00217BC1  srgba(0,33,123,0.755734)
7,11: (0,33,123,16.8755)  #00217B11  srgba(0,33,123,0.0661784)
8,11: (0,33,123,0)  #00217B00  srgba(0,33,123,0)
9,11: (0,0,0,0)  #00000000  none
10,11: (0,0,0,0)  #00000000  none
11,11: (0,0,0,0)  #00000000  none
12,11: (0,0,0,0)  #00000000  none
13,11: (0,33,123,0)  #00217B00  srgba(0,33,123,0)
14,11: (0,33,123,1.49805)  #00217B01  srgba(0,33,123,0.00587472)
15,11: (0,33,123,166.035)  #00217BA6  srgba(0,33,123,0.651118)
16,11: (0,33,123,255)  #00217BFF  srgba(0,33,123,1)
17,11: (0,33,123,255)  #00217BFF  srgba(0,33,123,1)
18,11: (0,33,123,255)  #00217BFF  srgba(0,33,123,1)
19,11: (0,33,123,119.389)  #00217B77  srgba(0,33,123,0.468193)
20,11: (0,33,123,0)  #00217B00  srgba(0,33,123,0)
21,11: (0,0,0,0)  #00000000  none
22,11: (0,0,0,0)  #00000000  none
23,11: (0,0,0,0)  #00000000  none
0,12: (0,33,123,255)  #00217BFF  srgba(0,33,123,1)
1,12: (0,33,123,255)  #00217BFF  srgba(0,33,123,1)
2,12: (0,33,123,255)  #00217BFF  srgba(0,33,123,1)
3,12: (0,33,123,255)  #00217BFF  srgba(0,33,123,1)
4,12: (0,33,123,255)  #00217BFF  srgba(0,33,123,1)
5,12: (0,33,123,255)  #00217BFF  srgba(0,33,123,1)
6,12: (0,33,123,244.802)  #00217BF5  srgba(0,33,123,0.960006)
7,12: (0,33,123,101.805)  #00217B66  srgba(0,33,123,0.399237)
8,12: (0,33,123,0)  #00217B00  srgba(0,33,123,0)
9,12: (0,33,123,0)  #00217B00  srgba(0,33,123,0)
10,12: (0,0,0,0)  #00000000  none
11,12: (0,0,0,0)  #00000000  none
12,12: (0,0,0,0)  #00000000  none
13,12: (0,33,123,0)  #00217B00  srgba(0,33,123,0)
14,12: (0,33,123,1.49805)  #00217B01  srgba(0,33,123,0.00587472)
15,12: (0,33,123,166.035)  #00217BA6  srgba(0,33,123,0.651118)
16,12: (0,33,123,255)  #00217BFF  srgba(0,33,123,1)
17,12: (0,33,123,255)  #00217BFF  srgba(0,33,123,1)
18,12: (0,33,123,255)  #00217BFF  srgba(0,33,123,1)
19,12: (0,33,123,119.389)  #00217B77  srgba(0,33,123,0.468193)
20,12: (0,33,123,0)  #00217B00  srgba(0,33,123,0)
21,12: (0,0,0,0)  #00000000  none
22,12: (0,0,0,0)  #00000000  none
23,12: (0,0,0,0)  #00000000  none
0,13: (0,33,123,255)  #00217BFF  srgba(0,33,123,1)
1,13: (0,33,123,255)  #00217BFF  srgba(0,33,123,1)
2,13: (0,33,123,254.732)  #00217BFF  srgba(0,33,123,0.998947)
3,13: (0,33,123,252.039)  #00217BFC  srgba(0,33,123,0.988388)
4,13: (0,33,123,254.829)  #00217BFF  srgba(0,33,123,0.999329)
5,13: (0,33,123,255)  #00217BFF  srgba(0,33,123,1)
6,13: (0,33,123,255)  #00217BFF  srgba(0,33,123,1)
7,13: (0,33,123,228.541)  #00217BE5  srgba(0,33,123,0.896239)
8,13: (0,33,123,63.6265)  #00217B40  srgba(0,33,123,0.249516)
9,13: (0,33,123,0)  #00217B00  srgba(0,33,123,0)
10,13: (0,33,123,0)  #00217B00  srgba(0,33,123,0)
11,13: (0,0,0,0)  #00000000  none
12,13: (0,0,0,0)  #00000000  none
13,13: (0,33,123,0)  #00217B00  srgba(0,33,123,0)
14,13: (0,33,123,1.49805)  #00217B01  srgba(0,33,123,0.00587472)
15,13: (0,33,123,166.039)  #00217BA6  srgba(0,33,123,0.651133)
16,13: (0,33,123,255)  #00217BFF  srgba(0,33,123,1)
17,13: (0,33,123,255)  #00217BFF  srgba(0,33,123,1)
18,13: (0,33,123,255)  #00217BFF  srgba(0,33,123,1)
19,13: (0,33,123,119.366)  #00217B77  srgba(0,33,123,0.468101)
20,13: (0,33,123,0)  #00217B00  srgba(0,33,123,0)
21,13: (0,0,0,0)  #00000000  none
22,13: (0,0,0,0)  #00000000  none
23,13: (0,0,0,0)  #00000000  none
0,14: (0,33,123,255)  #00217BFF  srgba(0,33,123,1)
1,14: (0,33,123,255)  #00217BFF  srgba(0,33,123,1)
2,14: (0,33,123,214.346)  #00217BD6  srgba(0,33,123,0.840574)
3,14: (0,33,123,122.109)  #00217B7A  srgba(0,33,123,0.478859)
4,14: (0,33,123,230.767)  #00217BE7  srgba(0,33,123,0.904967)
5,14: (0,33,123,255)  #00217BFF  srgba(0,33,123,1)
6,14: (0,33,123,255)  #00217BFF  srgba(0,33,123,1)
7,14: (0,33,123,255)  #00217BFF  srgba(0,33,123,1)
8,14: (0,33,123,200.988)  #00217BC9  srgba(0,33,123,0.78819)
9,14: (0,33,123,33.214)  #00217B21  srgba(0,33,123,0.130251)
10,14: (0,33,123,0)  #00217B00  srgba(0,33,123,0)
11,14: (0,33,123,0)  #00217B00  srgba(0,33,123,0)
12,14: (0,0,0,0)  #00000000  none
13,14: (0,33,123,0)  #00217B00  srgba(0,33,123,0)
14,14: (0,33,123,1.49027)  #00217B01  srgba(0,33,123,0.00584421)
15,14: (0,33,123,166.004)  #00217BA6  srgba(0,33,123,0.650996)
16,14: (0,33,123,255)  #00217BFF  srgba(0,33,123,1)
17,14: (0,33,123,255)  #00217BFF  srgba(0,33,123,1)
18,14: (0,33,123,255)  #00217BFF  srgba(0,33,123,1)
19,14: (0,33,123,119.961)  #00217B78  srgba(0,33,123,0.470436)
20,14: (0,33,123,0)  #00217B00  srgba(0,33,123,0)
21,14: (0,33,123,0)  #00217B00  srgba(0,33,123,0)
22,14: (0,0,0,0)  #00000000  none
23,14: (0,0,0,0)  #00000000  none
0,15: (0,33,123,255)  #00217BFF  srgba(0,33,123,1)
1,15: (0,33,123,219.296)  #00217BDB  srgba(0,33,123,0.859983)
2,15: (0,33,123,62.6304)  #00217B3F  srgba(0,33,123,0.245609)
3,15: (0,33,123,0)  #00217B00  srgba(0,33,123,0)
4,15: (0,33,123,109.175)  #00217B6D  srgba(0,33,123,0.428138)
5,15: (0,33,123,247.304)  #00217BF7  srgba(0,33,123,0.969818)
6,15: (0,33,123,255)  #00217BFF  srgba(0,33,123,1)
7,15: (0,33,123,255)  #00217BFF  srgba(0,33,123,1)
8,15: (0,33,123,255)  #00217BFF  srgba(0,33,123,1)
9,15: (0,33,123,164.222)  #00217BA4  srgba(0,33,123,0.644007)
10,15: (0,33,123,13.0895)  #00217B0D  srgba(0,33,123,0.0513313)
11,15: (0,33,123,0)  #00217B00  srgba(0,33,123,0)
12,15: (0,0,0,0)  #00000000  none
13,15: (0,33,123,0)  #00217B00  srgba(0,33,123,0)
14,15: (0,33,123,0.198444)  #00217B00  srgba(0,33,123,0.00077821)
15,15: (0,33,123,158.821)  #00217B9F  srgba(0,33,123,0.622827)
16,15: (0,33,123,255)  #00217BFF  srgba(0,33,123,1)
17,15: (0,33,123,255)  #00217BFF  srgba(0,33,123,1)
18,15: (0,33,123,255)  #00217BFF  srgba(0,33,123,1)
19,15: (0,33,123,151.019)  #00217B97  srgba(0,33,123,0.592233)
20,15: (0,33,123,1.75097)  #00217B02  srgba(0,33,123,0.00686656)
21,15: (0,33,123,0)  #00217B00  srgba(0,33,123,0)
22,15: (0,33,123,3.1323)  #00217B03  srgba(0,33,123,0.0122835)
23,15: (0,33,123,1.51751)  #00217B02  srgba(0,33,123,0.00595102)
0,16: (0,33,123,255)  #00217BFF  srgba(0,33,123,1)
1,16: (0,33,123,137.549)  #00217B8A  srgba(0,33,123,0.539406)
2,16: (0,33,123,0)  #00217B00  srgba(0,33,123,0)
3,16: (0,33,123,0)  #00217B00  srgba(0,33,123,0)
4,16: (0,33,123,8.24125)  #00217B08  srgba(0,33,123,0.0323186)
5,16: (0,33,123,147.782)  #00217B94  srgba(0,33,123,0.579538)
6,16: (0,33,123,254.447)  #00217BFE  srgba(0,33,123,0.997833)
7,16: (0,33,123,255)  #00217BFF  srgba(0,33,123,1)
8,16: (0,33,123,255)  #00217BFF  srgba(0,33,123,1)
9,16: (0,33,123,250.782)  #00217BFB  srgba(0,33,123,0.983459)
10,16: (0,33,123,122.424)  #00217B7A  srgba(0,33,123,0.480095)
11,16: (0,33,123,2.38911)  #00217B02  srgba(0,33,123,0.00936904)
12,16: (0,33,123,0)  #00217B00  srgba(0,33,123,0)
13,16: (0,33,123,0)  #00217B00  srgba(0,33,123,0)
14,16: (0,33,123,0)  #00217B00  srgba(0,33,123,0)
15,16: (0,33,123,122.494)  #00217B7A  srgba(0,33,123,0.480369)
16,16: (0,33,123,255)  #00217BFF  srgba(0,33,123,1)
17,16: (0,33,123,255)  #00217BFF  srgba(0,33,123,1)
18,16: (0,33,123,255)  #00217BFF  srgba(0,33,123,1)
19,16: (0,33,123,236.817)  #00217BED  srgba(0,33,123,0.928695)
20,16: (0,33,123,136.767)  #00217B89  srgba(0,33,123,0.536339)
21,16: (0,33,123,106.805)  #00217B6B  srgba(0,33,123,0.418845)
22,16: (0,33,123,146.626)  #00217B93  srgba(0,33,123,0.575006)
23,16: (0,33,123,43.5564)  #00217B2C  srgba(0,33,123,0.170809)
0,17: (0,33,123,255)  #00217BFF  srgba(0,33,123,1)
1,17: (0,33,123,131.121)  #00217B83  srgba(0,33,123,0.514199)
2,17: (0,33,123,0)  #00217B00  srgba(0,33,123,0)
3,17: (0,0,0,0)  #00000000  none
4,17: (0,33,123,0)  #00217B00  srgba(0,33,123,0)
5,17: (0,33,123,22.7782)  #00217B17  srgba(0,33,123,0.0893263)
6,17: (0,33,123,183.938)  #00217BB8  srgba(0,33,123,0.721324)
7,17: (0,33,123,255)  #00217BFF  srgba(0,33,123,1)
8,17: (0,33,123,255)  #00217BFF  srgba(0,33,123,1)
9,17: (0,33,123,255)  #00217BFF  srgba(0,33,123,1)
10,17: (0,33,123,238.031)  #00217BEE  srgba(0,33,123,0.933455)
11,17: (0,33,123,81.3035)  #00217B51  srgba(0,33,123,0.318837)
12,17: (0,33,123,0)  #00217B00  srgba(0,33,123,0)
13,17: (0,33,123,0)  #00217B00  srgba(0,33,123,0)
14,17: (0,33,123,0)  #00217B00  srgba(0,33,123,0)
15,17: (0,33,123,52.7198)  #00217B35  srgba(0,33,123,0.206744)
16,17: (0,33,123,231.774)  #00217BE8  srgba(0,33,123,0.908919)
17,17: (0,33,123,255)  #00217BFF  srgba(0,33,123,1)
18,17: (0,33,123,255)  #00217BFF  srgba(0,33,123,1)
19,17: (0,33,123,255)  #00217BFF  srgba(0,33,123,1)
20,17: (0,33,123,255)  #00217BFF  srgba(0,33,123,1)
21,17: (0,33,123,255)  #00217BFF  srgba(0,33,123,1)
22,17: (0,33,123,252.984)  #00217BFD  srgba(0,33,123,0.992096)
23,17: (0,33,123,125.895)  #00217B7E  srgba(0,33,123,0.493706)
0,18: (0,33,123,255)  #00217BFF  srgba(0,33,123,1)
1,18: (0,33,123,131.249)  #00217B83  srgba(0,33,123,0.514702)
2,18: (0,33,123,0)  #00217B00  srgba(0,33,123,0)
3,18: (0,0,0,0)  #00000000  none
4,18: (0,33,123,0)  #00217B00  srgba(0,33,123,0)
5,18: (0,33,123,0)  #00217B00  srgba(0,33,123,0)
6,18: (0,33,123,45.4903)  #00217B2D  srgba(0,33,123,0.178393)
7,18: (0,33,123,212.84)  #00217BD5  srgba(0,33,123,0.834668)
8,18: (0,33,123,255)  #00217BFF  srgba(0,33,123,1)
9,18: (0,33,123,255)  #00217BFF  srgba(0,33,123,1)
10,18: (0,33,123,255)  #00217BFF  srgba(0,33,123,1)
11,18: (0,33,123,217.086)  #00217BD9  srgba(0,33,123,0.851316)
12,18: (0,33,123,49.1518)  #00217B31  srgba(0,33,123,0.192752)
13,18: (0,33,123,0)  #00217B00  srgba(0,33,123,0)
14,18: (0,33,123,0)  #00217B00  srgba(0,33,123,0)
15,18: (0,33,123,2.03113)  #00217B02  srgba(0,33,123,0.00796521)
16,18: (0,33,123,110.412)  #00217B6E  srgba(0,33,123,0.43299)
17,18: (0,33,123,239.097)  #00217BEF  srgba(0,33,123,0.937636)
18,18: (0,33,123,255)  #00217BFF  srgba(0,33,123,1)
19,18: (0,33,123,255)  #00217BFF  srgba(0,33,123,1)
20,18: (0,33,123,255)  #00217BFF  srgba(0,33,123,1)
21,18: (0,33,123,255)  #00217BFF  srgba(0,33,123,1)
22,18: (0,33,123,255)  #00217BFF  srgba(0,33,123,1)
23,18: (0,33,123,210)  #00217BD2  srgba(0,33,123,0.823529)
0,19: (0,33,123,208.261)  #00217BD0  srgba(0,33,123,0.816709)
1,19: (0,33,123,105.393)  #00217B69  srgba(0,33,123,0.413306)
2,19: (0,33,123,0)  #00217B00  srgba(0,33,123,0)
3,19: (0,0,0,0)  #00000000  none
4,19: (0,0,0,0)  #00000000  none
5,19: (0,33,123,0)  #00217B00  srgba(0,33,123,0)
6,19: (0,33,123,0)  #00217B00  srgba(0,33,123,0)
7,19: (0,33,123,82.5331)  #00217B53  srgba(0,33,123,0.323659)
8,19: (0,33,123,201.813)  #00217BCA  srgba(0,33,123,0.791424)
9,19: (0,33,123,205.187)  #00217BCD  srgba(0,33,123,0.804654)
10,19: (0,33,123,204.891)  #00217BCD  srgba(0,33,123,0.803494)
11,19: (0,33,123,208.268)  #00217BD0  srgba(0,33,123,0.816739)
12,19: (0,33,123,128.016)  #00217B80  srgba(0,33,123,0.502022)
13,19: (0,33,123,4.05447)  #00217B04  srgba(0,33,123,0.0158999)
14,19: (0,33,123,0)  #00217B00  srgba(0,33,123,0)
15,19: (0,33,123,0)  #00217B00  srgba(0,33,123,0)
16,19: (0,33,123,5.23735)  #00217B05  srgba(0,33,123,0.0205386)
17,19: (0,33,123,81.463)  #00217B51  srgba(0,33,123,0.319463)
18,19: (0,33,123,184.506)  #00217BB9  srgba(0,33,123,0.723552)
19,19: (0,33,123,234.304)  #00217BEA  srgba(0,33,123,0.918837)
20,19: (0,33,123,248.171)  #00217BF8  srgba(0,33,123,0.97322)
21,19: (0,33,123,239.677)  #00217BF0  srgba(0,33,123,0.93991)
22,19: (0,33,123,199.432)  #00217BC7  srgba(0,33,123,0.782086)
23,19: (0,33,123,117.525)  #00217B76  srgba(0,33,123,0.460883)
