# ImageMagick pixel enumeration: 23,20,255,srgba
0,0: (0,33,123,125.183)  #00217B7D  srgba(0,33,123,0.490913)
1,0: (0,33,123,0)  #00217B00  srgba(0,33,123,0)
2,0: (0,33,123,0)  #00217B00  srgba(0,33,123,0)
3,0: (0,0,0,0)  #00000000  none
4,0: (0,0,0,0)  #00000000  none
5,0: (0,0,0,0)  #00000000  none
6,0: (0,0,0,0)  #00000000  none
7,0: (0,0,0,0)  #00000000  none
8,0: (0,0,0,0)  #00000000  none
9,0: (0,0,0,0)  #00000000  none
10,0: (0,0,0,0)  #00000000  none
11,0: (0,0,0,0)  #00000000  none
12,0: (0,0,0,0)  #00000000  none
13,0: (0,0,0,0)  #00000000  none
14,0: (0,0,0,0)  #00000000  none
15,0: (0,0,0,0)  #00000000  none
16,0: (0,0,0,0)  #00000000  none
17,0: (0,0,0,0)  #00000000  none
18,0: (0,0,0,0)  #00000000  none
19,0: (0,0,0,0)  #00000000  none
20,0: (0,0,0,0)  #00000000  none
21,0: (0,0,0,0)  #00000000  none
22,0: (0,0,0,0)  #00000000  none
0,1: (0,33,123,125.183)  #00217B7D  srgba(0,33,123,0.490913)
1,1: (0,33,123,0)  #00217B00  srgba(0,33,123,0)
2,1: (0,33,123,0)  #00217B00  srgba(0,33,123,0)
3,1: (0,0,0,0)  #00000000  none
4,1: (0,0,0,0)  #00000000  none
5,1: (0,0,0,0)  #00000000  none
6,1: (0,0,0,0)  #00000000  none
7,1: (0,0,0,0)  #00000000  none
8,1: (0,0,0,0)  #00000000  none
9,1: (0,0,0,0)  #00000000  none
10,1: (0,0,0,0)  #00000000  none
11,1: (0,0,0,0)  #00000000  none
12,1: (0,33,123,0)  #00217B00  srgba(0,33,123,0)
13,1: (0,33,123,0)  #00217B00  srgba(0,33,123,0)
14,1: (0,33,123,7.94163)  #00217B08  srgba(0,33,123,0.0311437)
15,1: (0,33,123,14.2101)  #00217B0E  srgba(0,33,123,0.0557259)
16,1: (0,33,123,13.9767)  #00217B0E  srgba(0,33,123,0.0548104)
17,1: (0,33,123,14.2101)  #00217B0E  srgba(0,33,123,0.0557259)
18,1: (0,33,123,7.92218)  #00217B08  srgba(0,33,123,0.0310674)
19,1: (0,33,123,0)  #00217B00  srgba(0,33,123,0)
20,1: (0,33,123,0)  #00217B00  srgba(0,33,123,0)
21,1: (0,0,0,0)  #00000000  none
22,1: (0,0,0,0)  #00000000  none
0,2: (0,33,123,125.183)  #00217B7D  srgba(0,33,123,0.490913)
1,2: (0,33,123,0)  #00217B00  srgba(0,33,123,0)
2,2: (0,33,123,0)  #00217B00  srgba(0,33,123,0)
3,2: (0,0,0,0)  #00000000  none
4,2: (0,0,0,0)  #00000000  none
5,2: (0,0,0,0)  #00000000  none
6,2: (0,0,0,0)  #00000000  none
7,2: (0,0,0,0)  #00000000  none
8,2: (0,0,0,0)  #00000000  none
9,2: (0,0,0,0)  #00000000  none
10,2: (0,0,0,0)  #00000000  none
11,2: (0,0,0,0)  #00000000  none
12,2: (0,33,123,0)  #00217B00  srgba(0,33,123,0)
13,2: (0,33,123,0)  #00217B00  srgba(0,33,123,0)
14,2: (0,33,123,114.467)  #00217B72  srgba(0,33,123,0.44889)
15,2: (0,33,123,204.821)  #00217BCD  srgba(0,33,123,0.80322)
16,2: (0,33,123,201.451)  #00217BC9  srgba(0,33,123,0.790005)
17,2: (0,33,123,204.813)  #00217BCD  srgba(0,33,123,0.803189)
18,2: (0,33,123,114.202)  #00217B72  srgba(0,33,123,0.447852)
19,2: (0,33,123,0)  #00217B00  srgba(0,33,123,0)
20,2: (0,33,123,0)  #00217B00  srgba(0,33,123,0)
21,2: (0,0,0,0)  #00000000  none
22,2: (0,0,0,0)  #00000000  none
0,3: (0,33,123,125.183)  #00217B7D  srgba(0,33,123,0.490913)
1,3: (0,33,123,0)  #00217B00  srgba(0,33,123,0)
2,3: (0,33,123,0)  #00217B00  srgba(0,33,123,0)
3,3: (0,0,0,0)  #00000000  none
4,3: (0,0,0,0)  #00000000  none
5,3: (0,0,0,0)  #00000000  none
6,3: (0,0,0,0)  #00000000  none
7,3: (0,0,0,0)  #00000000  none
8,3: (0,0,0,0)  #00000000  none
9,3: (0,0,0,0)  #00000000  none
10,3: (0,0,0,0)  #00000000  none
11,3: (0,0,0,0)  #00000000  none
12,3: (0,33,123,0)  #00217B00  srgba(0,33,123,0)
13,3: (0,33,123,0)  #00217B00  srgba(0,33,123,0)
14,3: (0,33,123,144.938)  #00217B91  srgba(0,33,123,0.568383)
15,3: (0,33,123,255)  #00217BFF  srgba(0,33,123,1)
16,3: (0,33,123,255)  #00217BFF  srgba(0,33,123,1)
17,3: (0,33,123,255)  #00217BFF  srgba(0,33,123,1)
18,3: (0,33,123,144.7)  #00217B91  srgba(0,33,123,0.567453)
19,3: (0,33,123,0)  #00217B00  srgba(0,33,123,0)
20,3: (0,33,123,0)  #00217B00  srgba(0,33,123,0)
21,3: (0,0,0,0)  #00000000  none
22,3: (0,0,0,0)  #00000000  none
0,4: (0,33,123,125.183)  #00217B7D  srgba(0,33,123,0.490913)
1,4: (0,33,123,0)  #00217B00  srgba(0,33,123,0)
2,4: (0,33,123,0)  #00217B00  srgba(0,33,123,0)
3,4: (0,0,0,0)  #00000000  none
4,4: (0,0,0,0)  #00000000  none
5,4: (0,33,123,0)  #00217B00  srgba(0,33,123,0)
6,4: (0,33,123,0.719844)  #00217B01  srgba(0,33,123,0.00282292)
7,4: (0,33,123,1.71595)  #00217B02  srgba(0,33,123,0.00672923)
8,4: (0,33,123,1.70428)  #00217B02  srgba(0,33,123,0.00668345)
9,4: (0,33,123,1.65759)  #00217B02  srgba(0,33,123,0.00650034)
10,4: (0,33,123,2.59144)  #00217B03  srgba(0,33,123,0.0101625)
11,4: (0,33,123,2.51751)  #00217B03  srgba(0,33,123,0.00987259)
12,4: (0,33,123,0)  #00217B00  srgba(0,33,123,0)
13,4: (0,33,123,0)  #00217B00  srgba(0,33,123,0)
14,4: (0,33,123,144.708)  #00217B91  srgba(0,33,123,0.567483)
15,4: (0,33,123,255)  #00217BFF  srgba(0,33,123,1)
16,4: (0,33,123,255)  #00217BFF  srgba(0,33,123,1)
17,4: (0,33,123,255)  #00217BFF  srgba(0,33,123,1)
18,4: (0,33,123,144.498)  #00217B90  srgba(0,33,123,0.566659)
19,4: (0,33,123,0)  #00217B00  srgba(0,33,123,0)
20,4: (0,33,123,0)  #00217B00  srgba(0,33,123,0)
21,4: (0,0,0,0)  #00000000  none
22,4: (0,0,0,0)  #00000000  none
0,5: (0,33,123,125.183)  #00217B7D  srgba(0,33,123,0.490913)
1,5: (0,33,123,0)  #00217B00  srgba(0,33,123,0)
2,5: (0,33,123,0)  #00217B00  srgba(0,33,123,0)
3,5: (0,0,0,0)  #00000000  none
4,5: (0,33,123,0)  #00217B00  srgba(0,33,123,0)
5,5: (0,33,123,14.1634)  #00217B0E  srgba(0,33,123,0.0555428)
6,5: (0,33,123,122.907)  #00217B7B  srgba(0,33,123,0.481987)
7,5: (0,33,123,168.626)  #00217BA9  srgba(0,33,123,0.66128)
8,5: (0,33,123,166.77)  #00217BA7  srgba(0,33,123,0.654002)
9,5: (0,33,123,168.436)  #00217BA8  srgba(0,33,123,0.660533)
10,5: (0,33,123,154.467)  #00217B9A  srgba(0,33,123,0.605753)
11,5: (0,33,123,45.5564)  #00217B2E  srgba(0,33,123,0.178653)
12,5: (0,33,123,68.2179)  #00217B44  srgba(0,33,123,0.267521)
13,5: (0,33,123,95.3735)  #00217B5F  srgba(0,33,123,0.374014)
14,5: (0,33,123,185.977)  #00217BBA  srgba(0,33,123,0.72932)
15,5: (0,33,123,255)  #00217BFF  srgba(0,33,123,1)
16,5: (0,33,123,255)  #00217BFF  srgba(0,33,123,1)
17,5: (0,33,123,255)  #00217BFF  srgba(0,33,123,1)
18,5: (0,33,123,185.77)  #00217BBA  srgba(0,33,123,0.728511)
19,5: (0,33,123,93.8911)  #00217B5E  srgba(0,33,123,0.3682)
20,5: (0,33,123,95.5331)  #00217B60  srgba(0,33,123,0.37464)
21,5: (0,33,123,88.3502)  #00217B58  srgba(0,33,123,0.346471)
22,5: (0,33,123,20.9883)  #00217B15  srgba(0,33,123,0.0823072)
0,6: (0,33,123,125.183)  #00217B7D  srgba(0,33,123,0.490913)
1,6: (0,33,123,0)  #00217B00  srgba(0,33,123,0)
2,6: (0,33,123,0)  #00217B00  srgba(0,33,123,0)
3,6: (0,33,123,0)  #00217B00  srgba(0,33,123,0)
4,6: (0,33,123,15.8872)  #00217B10  srgba(0,33,123,0.0623026)
5,6: (0,33,123,149.424)  #00217B95  srgba(0,33,123,0.585977)
6,6: (0,33,123,251.109)  #00217BFB  srgba(0,33,123,0.984741)
7,6: (0,33,123,255)  #00217BFF  srgba(0,33,123,1)
8,6: (0,33,123,255)  #00217BFF  srgba(0,33,123,1)
9,6: (0,33,123,245.572)  #00217BF6  srgba(0,33,123,0.963027)
10,6: (0,33,123,117.125)  #00217B75  srgba(0,33,123,0.459312)
11,6: (0,33,123,13.5331)  #00217B0E  srgba(0,33,123,0.0530709)
12,6: (0,33,123,187.218)  #00217BBB  srgba(0,33,123,0.734188)
13,6: (0,33,123,255)  #00217BFF  srgba(0,33,123,1)
14,6: (0,33,123,254.875)  #00217BFF  srgba(0,33,123,0.999512)
15,6: (0,33,123,255)  #00217BFF  srgba(0,33,123,1)
16,6: (0,33,123,255)  #00217BFF  srgba(0,33,123,1)
17,6: (0,33,123,255)  #00217BFF  srgba(0,33,123,1)
18,6: (0,33,123,254.875)  #00217BFF  srgba(0,33,123,0.999512)
19,6: (0,33,123,254.712)  #00217BFF  srgba(0,33,123,0.998871)
20,6: (0,33,123,255)  #00217BFF  srgba(0,33,123,1)
21,6: (0,33,123,236.494)  #00217BEC  srgba(0,33,123,0.927428)
22,6: (0,33,123,56.179)  #00217B38  srgba(0,33,123,0.22031)
0,7: (0,33,123,125.183)  #00217B7D  srgba(0,33,123,0.490913)
1,7: (0,33,123,0)  #00217B00  srgba(0,33,123,0)
2,7: (0,33,123,0)  #00217B00  srgba(0,33,123,0)
3,7: (0,33,123,18.9377)  #00217B13  srgba(0,33,123,0.0742657)
4,7: (0,33,123,156.856)  #00217B9D  srgba(0,33,123,0.615122)
5,7: (0,33,123,252.319)  #00217BFC  srgba(0,33,123,0.989487)
6,7: (0,33,123,255)  #00217BFF  srgba(0,33,123,1)
7,7: (0,33,123,255)  #00217BFF  srgba(0,33,123,1)
8,7: (0,33,123,245.288)  #00217BF5  srgba(0,33,123,0.961913)
9,7: (0,33,123,117.907)  #00217B76  srgba(0,33,123,0.462379)
10,7: (0,33,123,4.46693)  #00217B04  srgba(0,33,123,0.0175174)
11,7: (0,33,123,7.5214)  #00217B08  srgba(0,33,123,0.0294957)
12,7: (0,33,123,187.996)  #00217BBC  srgba(0,33,123,0.73724)
13,7: (0,33,123,255)  #00217BFF  srgba(0,33,123,1)
14,7: (0,33,123,255)  #00217BFF  srgba(0,33,123,1)
15,7: (0,33,123,255)  #00217BFF  srgba(0,33,123,1)
16,7: (0,33,123,255)  #00217BFF  srgba(0,33,123,1)
17,7: (0,33,123,255)  #00217BFF  srgba(0,33,123,1)
18,7: (0,33,123,255)  #00217BFF  srgba(0,33,123,1)
19,7: (0,33,123,255)  #00217BFF  srgba(0,33,123,1)
20,7: (0,33,123,255)  #00217BFF  srgba(0,33,123,1)
21,7: (0,33,123,236.778)  #00217BED  srgba(0,33,123,0.928542)
22,7: (0,33,123,56.284)  #00217B38  srgba(0,33,123,0.220722)
0,8: (0,33,123,125.183)  #00217B7D  srgba(0,33,123,0.490913)
1,8: (0,33,123,0)  #00217B00  srgba(0,33,123,0)
2,8: (0,33,123,22.2879)  #00217B16  srgba(0,33,123,0.0874037)
3,8: (0,33,123,164.101)  #00217BA4  srgba(0,33,123,0.643534)
4,8: (0,33,123,253.354)  #00217BFD  srgba(0,33,123,0.993545)
5,8: (0,33,123,255)  #00217BFF  srgba(0,33,123,1)
6,8: (0,33,123,255)  #00217BFF  srgba(0,33,123,1)
7,8: (0,33,123,246.634)  #00217BF7  srgba(0,33,123,0.967193)
8,8: (0,33,123,122.623)  #00217B7B  srgba(0,33,123,0.480873)
9,8: (0,33,123,5.95331)  #00217B06  srgba(0,33,123,0.0233463)
10,8: (0,33,123,0)  #00217B00  srgba(0,33,123,0)
11,8: (0,33,123,6.33463)  #00217B06  srgba(0,33,123,0.0248417)
12,8: (0,33,123,150.482)  #00217B96  srgba(0,33,123,0.590127)
13,8: (0,33,123,206.977)  #00217BCF  srgba(0,33,123,0.811673)
14,8: (0,33,123,233.086)  #00217BE9  srgba(0,33,123,0.914061)
15,8: (0,33,123,255)  #00217BFF  srgba(0,33,123,1)
16,8: (0,33,123,255)  #00217BFF  srgba(0,33,123,1)
17,8: (0,33,123,255)  #00217BFF  srgba(0,33,123,1)
18,8: (0,33,123,233.019)  #00217BE9  srgba(0,33,123,0.913802)
19,8: (0,33,123,203.848)  #00217BCC  srgba(0,33,123,0.799405)
20,8: (0,33,123,205.074)  #00217BCD  srgba(0,33,123,0.804211)
21,8: (0,33,123,189.638)  #00217BBE  srgba(0,33,123,0.743679)
22,8: (0,33,123,45.0506)  #00217B2D  srgba(0,33,123,0.176669)
0,9: (0,33,123,123.732)  #00217B7C  srgba(0,33,123,0.485222)
1,9: (0,33,123,25.3813)  #00217B19  srgba(0,33,123,0.0995346)
2,9: (0,33,123,171.132)  #00217BAB  srgba(0,33,123,0.671107)
3,9: (0,33,123,254.156)  #00217BFE  srgba(0,33,123,0.996689)
4,9: (0,33,123,255)  #00217BFF  srgba(0,33,123,1)
5,9: (0,33,123,255)  #00217BFF  srgba(0,33,123,1)
6,9: (0,33,123,247.856)  #00217BF8  srgba(0,33,123,0.971984)
7,9: (0,33,123,127.346)  #00217B7F  srgba(0,33,123,0.499397)
8,9: (0,33,123,7.06226)  #00217B07  srgba(0,33,123,0.0276951)
9,9: (0,33,123,0)  #00217B00  srgba(0,33,123,0)
10,9: (0,33,123,0)  #00217B00  srgba(0,33,123,0)
11,9: (0,33,123,0.486381)  #00217B00  srgba(0,33,123,0.00190738)
12,9: (0,33,123,11.5525)  #00217B0C  srgba(0,33,123,0.045304)
13,9: (0,33,123,14.0895)  #00217B0E  srgba(0,33,123,0.0552529)
14,9: (0,33,123,151.669)  #00217B98  srgba(0,33,123,0.594781)
15,9: (0,33,123,255)  #00217BFF  srgba(0,33,123,1)
16,9: (0,33,123,255)  #00217BFF  srgba(0,33,123,1)
17,9: (0,33,123,255)  #00217BFF  srgba(0,33,123,1)
18,9: (0,33,123,151.358)  #00217B97  srgba(0,33,123,0.593561)
19,9: (0,33,123,13.8093)  #00217B0E  srgba(0,33,123,0.0541543)
20,9: (0,33,123,15.751)  #00217B10  srgba(0,33,123,0.0617685)
21,9: (0,33,123,14.5759)  #00217B0F  srgba(0,33,123,0.0571603)
22,9: (0,33,123,3.46304)  #00217B03  srgba(0,33,123,0.0135805)
0,10: (0,33,123,157.354)  #00217B9D  srgba(0,33,123,0.617075)
1,10: (0,33,123,176.156)  #00217BB0  srgba(0,33,123,0.690806)
2,10: (0,33,123,254.821)  #00217BFF  srgba(0,33,123,0.999298)
3,10: (0,33,123,255)  #00217BFF  srgba(0,33,123,1)
4,10: (0,33,123,255)  #00217BFF  srgba(0,33,123,1)
5,10: (0,33,123,247.848)  #00217BF8  srgba(0,33,123,0.971954)
6,10: (0,33,123,131.412)  #00217B83  srgba(0,33,123,0.515343)
7,10: (0,33,123,8.33852)  #00217B08  srgba(0,33,123,0.0327001)
8,10: (0,33,123,0)  #00217B00  srgba(0,33,123,0)
9,10: (0,0,0,0)  #00000000  none
10,10: (0,0,0,0)  #00000000  none
11,10: (0,0,0,0)  #00000000  none
12,10: (0,33,123,0)  #00217B00  srgba(0,33,123,0)
13,10: (0,33,123,0)  #00217B00  srgba(0,33,123,0)
14,10: (0,33,123,144.852)  #00217B91  srgba(0,33,123,0.568048)
15,10: (0,33,123,255)  #00217BFF  srgba(0,33,123,1)
16,10: (0,33,123,255)  #00217BFF  srgba(0,33,123,1)
17,10: (0,33,123,255)  #00217BFF  srgba(0,33,123,1)
18,10: (0,33,123,144.545)  #00217B91  srgba(0,33,123,0.566842)
19,10: (0,33,123,0)  #00217B00  srgba(0,33,123,0)
20,10: (0,33,123,0)  #00217B00  srgba(0,33,123,0)
21,10: (0,0,0,0)  #00000000  none
22,10: (0,0,0,0)  #00000000  none
0,11: (0,33,123,246.973)  #00217BF7  srgba(0,33,123,0.968521)
1,11: (0,33,123,253.148)  #00217BFD  srgba(0,33,123,0.992737)
2,11: (0,33,123,255)  #00217BFF  srgba(0,33,123,1)
3,11: (0,33,123,255)  #00217BFF  srgba(0,33,123,1)
4,11: (0,33,123,255)  #00217BFF  srgba(0,33,123,1)
5,11: (0,33,123,203.767)  #00217BCC  srgba(0,33,123,0.799084)
6,11: (0,33,123,23.3969)  #00217B17  srgba(0,33,123,0.0917525)
7,11: (0,33,123,0)  #00217B00  srgba(0,33,123,0)
8,11: (0,0,0,0)  #00000000  none
9,11: (0,0,0,0)  #00000000  none
10,11: (0,0,0,0)  #00000000  none
11,11: (0,0,0,0)  #00000000  none
12,11: (0,33,123,0)  #00217B00  srgba(0,33,123,0)
13,11: (0,33,123,0)  #00217B00  srgba(0,33,123,0)
14,11: (0,33,123,144.891)  #00217B91  srgba(0,33,123,0.5682)
15,11: (0,33,123,255)  #00217BFF  srgba(0,33,123,1)
16,11: (0,33,123,255)  #00217BFF  srgba(0,33,123,1)
17,11: (0,33,123,255)  #00217BFF  srgba(0,33,123,1)
18,11: (0,33,123,144.56)  #00217B91  srgba(0,33,123,0.566903)
19,11: (0,33,123,0)  #00217B00  srgba(0,33,123,0)
20,11: (0,33,123,0)  #00217B00  srgba(0,33,123,0)
21,11: (0,0,0,0)  #00000000  none
22,11: (0,0,0,0)  #00000000  none
0,12: (0,33,123,255)  #00217BFF  srgba(0,33,123,1)
1,12: (0,33,123,255)  #00217BFF  srgba(0,33,123,1)
2,12: (0,33,123,255)  #00217BFF  srgba(0,33,123,1)
3,12: (0,33,123,255)  #00217BFF  srgba(0,33,123,1)
4,12: (0,33,123,255)  #00217BFF  srgba(0,33,123,1)
5,12: (0,33,123,248.23)  #00217BF8  srgba(0,33,123,0.973449)
6,12: (0,33,123,114.486)  #00217B72  srgba(0,33,123,0.448966)
7,12: (0,33,123,1.37743)  #00217B01  srgba(0,33,123,0.00540169)
8,12: (0,33,123,0)  #00217B00  srgba(0,33,123,0)
9,12: (0,0,0,0)  #00000000  none
10,12: (0,0,0,0)  #00000000  none
11,12: (0,0,0,0)  #00000000  none
12,12: (0,33,123,0)  #00217B00  srgba(0,33,123,0)
13,12: (0,33,123,0)  #00217B00  srgba(0,33,123,0)
14,12: (0,33,123,144.891)  #00217B91  srgba(0,33,123,0.5682)
15,12: (0,33,123,255)  #00217BFF  srgba(0,33,123,1)
16,12: (0,33,123,255)  #00217BFF  srgba(0,33,123,1)
17,12: (0,33,123,255)  #00217BFF  srgba(0,33,123,1)
18,12: (0,33,123,144.56)  #00217B91  srgba(0,33,123,0.566903)
19,12: (0,33,123,0)  #00217B00  srgba(0,33,123,0)
20,12: (0,33,123,0)  #00217B00  srgba(0,33,123,0)
21,12: (0,0,0,0)  #00000000  none
22,12: (0,0,0,0)  #00000000  none
0,13: (0,33,123,255)  #00217BFF  srgba(0,33,123,1)
1,13: (0,33,123,254.829)  #00217BFF  srgba(0,33,123,0.999329)
2,13: (0,33,123,252.027)  #00217BFC  srgba(0,33,123,0.988342)
3,13: (0,33,123,254.728)  #00217BFF  srgba(0,33,123,0.998932)
4,13: (0,33,123,255)  #00217BFF  srgba(0,33,123,1)
5,13: (0,33,123,255)  #00217BFF  srgba(0,33,123,1)
6,13: (0,33,123,235.035)  #00217BEB  srgba(0,33,123,0.921706)
7,13: (0,33,123,75.2451)  #00217B4B  srgba(0,33,123,0.295079)
8,13: (0,33,123,0)  #00217B00  srgba(0,33,123,0)
9,13: (0,33,123,0)  #00217B00  srgba(0,33,123,0)
10,13: (0,0,0,0)  #00000000  none
11,13: (0,0,0,0)  #00000000  none
12,13: (0,33,123,0)  #00217B00  srgba(0,33,123,0)
13,13: (0,33,123,0)  #00217B00  srgba(0,33,123,0)
14,13: (0,33,123,144.895)  #00217B91  srgba(0,33,123,0.568215)
15,13: (0,33,123,255)  #00217BFF  srgba(0,33,123,1)
16,13: (0,33,123,255)  #00217BFF  srgba(0,33,123,1)
17,13: (0,33,123,255)  #00217BFF  srgba(0,33,123,1)
18,13: (0,33,123,144.537)  #00217B91  srgba(0,33,123,0.566812)
19,13: (0,33,123,0)  #00217B00  srgba(0,33,123,0)
20,13: (0,33,123,0)  #00217B00  srgba(0,33,123,0)
21,13: (0,0,0,0)  #00000000  none
22,13: (0,0,0,0)  #00000000  none
0,14: (0,33,123,255)  #00217BFF  srgba(0,33,123,1)
1,14: (0,33,123,220.261)  #00217BDC  srgba(0,33,123,0.863767)
2,14: (0,33,123,121.062)  #00217B79  srgba(0,33,123,0.474754)
3,14: (0,33,123,225.335)  #00217BE1  srgba(0,33,123,0.883665)
4,14: (0,33,123,255)  #00217BFF  srgba(0,33,123,1)
5,14: (0,33,123,255)  #00217BFF  srgba(0,33,123,1)
6,14: (0,33,123,255)  #00217BFF  srgba(0,33,123,1)
7,14: (0,33,123,211.136)  #00217BD3  srgba(0,33,123,0.827985)
8,14: (0,33,123,42.2257)  #00217B2A  srgba(0,33,123,0.165591)
9,14: (0,33,123,0)  #00217B00  srgba(0,33,123,0)
10,14: (0,33,123,0)  #00217B00  srgba(0,33,123,0)
11,14: (0,0,0,0)  #00000000  none
12,14: (0,33,123,0)  #00217B00  srgba(0,33,123,0)
13,14: (0,33,123,0)  #00217B00  srgba(0,33,123,0)
14,14: (0,33,123,144.856)  #00217B91  srgba(0,33,123,0.568063)
15,14: (0,33,123,255)  #00217BFF  srgba(0,33,123,1)
16,14: (0,33,123,255)  #00217BFF  srgba(0,33,123,1)
17,14: (0,33,123,255)  #00217BFF  srgba(0,33,123,1)
18,14: (0,33,123,145.128)  #00217B91  srgba(0,33,123,0.569131)
19,14: (0,33,123,0)  #00217B00  srgba(0,33,123,0)
20,14: (0,33,123,0)  #00217B00  srgba(0,33,123,0)
21,14: (0,0,0,0)  #00000000  none
22,14: (0,0,0,0)  #00000000  none
0,15: (0,33,123,219.864)  #00217BDC  srgba(0,33,123,0.862211)
1,15: (0,33,123,71.358)  #00217B47  srgba(0,33,123,0.279835)
2,15: (0,33,123,0)  #00217B00  srgba(0,33,123,0)
3,15: (0,33,123,98.4475)  #00217B62  srgba(0,33,123,0.386069)
4,15: (0,33,123,244.027)  #00217BF4  srgba(0,33,123,0.95697)
5,15: (0,33,123,255)  #00217BFF  srgba(0,33,123,1)
6,15: (0,33,123,255)  #00217BFF  srgba(0,33,123,1)
7,15: (0,33,123,255)  #00217BFF  srgba(0,33,123,1)
8,15: (0,33,123,177.572)  #00217BB2  srgba(0,33,123,0.696361)
9,15: (0,33,123,18.8988)  #00217B13  srgba(0,33,123,0.0741131)
10,15: (0,33,123,0)  #00217B00  srgba(0,33,123,0)
11,15: (0,0,0,0)  #00000000  none
12,15: (0,33,123,0)  #00217B00  srgba(0,33,123,0)
13,15: (0,33,123,0)  #00217B00  srgba(0,33,123,0)
14,15: (0,33,123,137.377)  #00217B89  srgba(0,33,123,0.538735)
15,15: (0,33,123,255)  #00217BFF  srgba(0,33,123,1)
16,15: (0,33,123,255)  #00217BFF  srgba(0,33,123,1)
17,15: (0,33,123,255)  #00217BFF  srgba(0,33,123,1)
18,15: (0,33,123,174.086)  #00217BAE  srgba(0,33,123,0.682689)
19,15: (0,33,123,7.31128)  #00217B07  srgba(0,33,123,0.0286717)
20,15: (0,33,123,0)  #00217B00  srgba(0,33,123,0)
21,15: (0,33,123,2.64981)  #00217B03  srgba(0,33,123,0.0103914)
22,15: (0,33,123,2.1751)  #00217B02  srgba(0,33,123,0.00852979)
0,16: (0,33,123,132.315)  #00217B84  srgba(0,33,123,0.518883)
1,16: (0,33,123,1.10895)  #00217B01  srgba(0,33,123,0.00434882)
2,16: (0,33,123,0)  #00217B00  srgba(0,33,123,0)
3,16: (0,33,123,5.4358)  #00217B05  srgba(0,33,123,0.0213169)
4,16: (0,33,123,136.342)  #00217B88  srgba(0,33,123,0.534676)
5,16: (0,33,123,252.883)  #00217BFD  srgba(0,33,123,0.991699)
6,16: (0,33,123,255)  #00217BFF  srgba(0,33,123,1)
7,16: (0,33,123,255)  #00217BFF  srgba(0,33,123,1)
8,16: (0,33,123,253.315)  #00217BFD  srgba(0,33,123,0.993393)
9,16: (0,33,123,137.486)  #00217B89  srgba(0,33,123,0.539162)
10,16: (0,33,123,5.31518)  #00217B05  srgba(0,33,123,0.0208438)
11,16: (0,33,123,0)  #00217B00  srgba(0,33,123,0)
12,16: (0,33,123,0)  #00217B00  srgba(0,33,123,0)
13,16: (0,33,123,0)  #00217B00  srgba(0,33,123,0)
14,16: (0,33,123,101.136)  #00217B65  srgba(0,33,123,0.396612)
15,16: (0,33,123,254.607)  #00217BFF  srgba(0,33,123,0.998459)
16,16: (0,33,123,255)  #00217BFF  srgba(0,33,123,1)
17,16: (0,33,123,255)  #00217BFF  srgba(0,33,123,1)
18,16: (0,33,123,243.486)  #00217BF3  srgba(0,33,123,0.954849)
19,16: (0,33,123,147.681)  #00217B94  srgba(0,33,123,0.579141)
20,16: (0,33,123,104.086)  #00217B68  srgba(0,33,123,0.408179)
21,16: (0,33,123,146.646)  #00217B93  srgba(0,33,123,0.575082)
22,16: (0,33,123,62.2568)  #00217B3E  srgba(0,33,123,0.244144)
0,17: (0,33,123,125.14)  #00217B7D  srgba(0,33,123,0.490745)
1,17: (0,33,123,0)  #00217B00  srgba(0,33,123,0)
2,17: (0,33,123,0)  #00217B00  srgba(0,33,123,0)
3,17: (0,33,123,0)  #00217B00  srgba(0,33,123,0)
4,17: (0,33,123,17.4475)  #00217B11  srgba(0,33,123,0.0684215)
5,17: (0,33,123,173.144)  #00217BAD  srgba(0,33,123,0.678996)
6,17: (0,33,123,255)  #00217BFF  srgba(0,33,123,1)
7,17: (0,33,123,255)  #00217BFF  srgba(0,33,123,1)
8,17: (0,33,123,255)  #00217BFF  srgba(0,33,123,1)
9,17: (0,33,123,243.7)  #00217BF4  srgba(0,33,123,0.955688)
10,17: (0,33,123,95.9689)  #00217B60  srgba(0,33,123,0.376349)
11,17: (0,33,123,0)  #00217B00  srgba(0,33,123,0)
12,17: (0,33,123,0)  #00217B00  srgba(0,33,123,0)
13,17: (0,33,123,0)  #00217B00  srgba(0,33,123,0)
14,17: (0,33,123,37.9883)  #00217B26  srgba(0,33,123,0.148974)
15,17: (0,33,123,220.163)  #00217BDC  srgba(0,33,123,0.863386)
16,17: (0,33,123,255)  #00217BFF  srgba(0,33,123,1)
17,17: (0,33,123,255)  #00217BFF  srgba(0,33,123,1)
18,17: (0,33,123,255)  #00217BFF  srgba(0,33,123,1)
19,17: (0,33,123,255)  #00217BFF  srgba(0,33,123,1)
20,17: (0,33,123,255)  #00217BFF  srgba(0,33,123,1)
21,17: (0,33,123,255)  #00217BFF  srgba(0,33,123,1)
22,17: (0,33,123,156.743)  #00217B9D  srgba(0,33,123,0.614679)
0,18: (0,33,123,125.288)  #00217B7D  srgba(0,33,123,0.491325)
1,18: (0,33,123,0)  #00217B00  srgba(0,33,123,0)
2,18: (0,33,123,0)  #00217B00  srgba(0,33,123,0)
3,18: (0,33,123,0)  #00217B00  srgba(0,33,123,0)
4,18: (0,33,123,0)  #00217B00  srgba(0,33,123,0)
5,18: (0,33,123,37.1829)  #00217B25  srgba(0,33,123,0.145815)
6,18: (0,33,123,203.856)  #00217BCC  srgba(0,33,123,0.799435)
7,18: (0,33,123,255)  #00217BFF  srgba(0,33,123,1)
8,18: (0,33,123,255)  #00217BFF  srgba(0,33,123,1)
9,18: (0,33,123,255)  #00217BFF  srgba(0,33,123,1)
10,18: (0,33,123,226.588)  #00217BE3  srgba(0,33,123,0.888579)
11,18: (0,33,123,61.5837)  #00217B3E  srgba(0,33,123,0.241505)
12,18: (0,33,123,0)  #00217B00  srgba(0,33,123,0)
13,18: (0,33,123,0)  #00217B00  srgba(0,33,123,0)
14,18: (0,33,123,0)  #00217B00  srgba(0,33,123,0)
15,18: (0,33,123,93.214)  #00217B5D  srgba(0,33,123,0.365545)
16,18: (0,33,123,232.502)  #00217BE9  srgba(0,33,123,0.911772)
17,18: (0,33,123,255)  #00217BFF  srgba(0,33,123,1)
18,18: (0,33,123,255)  #00217BFF  srgba(0,33,123,1)
19,18: (0,33,123,255)  #00217BFF  srgba(0,33,123,1)
20,18: (0,33,123,255)  #00217BFF  srgba(0,33,123,1)
21,18: (0,33,123,255)  #00217BFF  srgba(0,33,123,1)
22,18: (0,33,123,232.981)  #00217BE9  srgba(0,33,123,0.913649)
0,19: (0,33,123,100.591)  #00217B65  srgba(0,33,123,0.394476)
1,19: (0,33,123,0)  #00217B00  srgba(0,33,123,0)
2,19: (0,33,123,0)  #00217B00  srgba(0,33,123,0)
3,19: (0,0,0,0)  #00000000  none
4,19: (0,33,123,0)  #00217B00  srgba(0,33,123,0)
5,19: (0,33,123,0)  #00217B00  srgba(0,33,123,0)
6,19: (0,33,123,71.6148)  #00217B48  srgba(0,33,123,0.280842)
7,19: (0,33,123,198.852)  #00217BC7  srgba(0,33,123,0.779812)
8,19: (0,33,123,205.358)  #00217BCD  srgba(0,33,123,0.805325)
9,19: (0,33,123,204.856)  #00217BCD  srgba(0,33,123,0.803357)
10,19: (0,33,123,208.451)  #00217BD0  srgba(0,33,123,0.817456)
11,19: (0,33,123,141.708)  #00217B8E  srgba(0,33,123,0.555718)
12,19: (0,33,123,8.31518)  #00217B08  srgba(0,33,123,0.0326085)
13,19: (0,33,123,0)  #00217B00  srgba(0,33,123,0)
14,19: (0,33,123,0)  #00217B00  srgba(0,33,123,0)
15,19: (0,33,123,2.74319)  #00217B03  srgba(0,33,123,0.0107576)
16,19: (0,33,123,69.8171)  #00217B46  srgba(0,33,123,0.273793)
17,19: (0,33,123,175.84)  #00217BB0  srgba(0,33,123,0.68957)
18,19: (0,33,123,231.047)  #00217BE7  srgba(0,33,123,0.906065)
19,19: (0,33,123,247.755)  #00217BF8  srgba(0,33,123,0.971588)
20,19: (0,33,123,241.938)  #00217BF2  srgba(0,33,123,0.948775)
21,19: (0,33,123,206.607)  #00217BCF  srgba(0,33,123,0.810224)
22,19: (0,33,123,133.436)  #00217B85  srgba(0,33,123,0.523278)
