# ImageMagick pixel enumeration: 23,20,255,srgba
0,0: (0,33,123,32.786)  #00217B21  srgba(0,33,123,0.128573)
1,0: (0,0,0,0)  #00000000  none
2,0: (0,0,0,0)  #00000000  none
3,0: (0,0,0,0)  #00000000  none
4,0: (0,0,0,0)  #00000000  none
5,0: (0,0,0,0)  #00000000  none
6,0: (0,0,0,0)  #00000000  none
7,0: (0,0,0,0)  #00000000  none
8,0: (0,0,0,0)  #00000000  none
9,0: (0,0,0,0)  #00000000  none
10,0: (0,0,0,0)  #00000000  none
11,0: (0,0,0,0)  #00000000  none
12,0: (0,0,0,0)  #00000000  none
13,0: (0,33,123,0)  #00217B00  srgba(0,33,123,0)
14,0: (0,33,123,0)  #00217B00  srgba(0,33,123,0)
15,0: (0,33,123,0)  #00217B00  srgba(0,33,123,0)
16,0: (0,33,123,0)  #00217B00  srgba(0,33,123,0)
17,0: (0,33,123,0)  #00217B00  srgba(0,33,123,0)
18,0: (0,33,123,0)  #00217B00  srgba(0,33,123,0)
19,0: (0,0,0,0)  #00000000  none
20,0: (0,0,0,0)  #00000000  none
21,0: (0,0,0,0)  #00000000  none
22,0: (0,0,0,0)  #00000000  none
0,1: (0,33,123,32.786)  #00217B21  srgba(0,33,123,0.128573)
1,1: (0,0,0,0)  #00000000  none
2,1: (0,0,0,0)  #00000000  none
3,1: (0,0,0,0)  #00000000  none
4,1: (0,0,0,0)  #00000000  none
5,1: (0,0,0,0)  #00000000  none
6,1: (0,0,0,0)  #00000000  none
7,1: (0,0,0,0)  #00000000  none
8,1: (0,0,0,0)  #00000000  none
9,1: (0,0,0,0)  #00000000  none
10,1: (0,0,0,0)  #00000000  none
11,1: (0,0,0,0)  #00000000  none
12,1: (0,0,0,0)  #00000000  none
13,1: (0,33,123,0.22179)  #00217B00  srgba(0,33,123,0.000869764)
14,1: (0,33,123,9.65759)  #00217B0A  srgba(0,33,123,0.0378729)
15,1: (0,33,123,14.0467)  #00217B0E  srgba(0,33,123,0.0550851)
16,1: (0,33,123,13.9767)  #00217B0E  srgba(0,33,123,0.0548104)
17,1: (0,33,123,14.035)  #00217B0E  srgba(0,33,123,0.0550393)
18,1: (0,33,123,6.99611)  #00217B07  srgba(0,33,123,0.0274357)
19,1: (0,0,0,0)  #00000000  none
20,1: (0,0,0,0)  #00000000  none
21,1: (0,0,0,0)  #00000000  none
22,1: (0,0,0,0)  #00000000  none
0,2: (0,33,123,32.786)  #00217B21  srgba(0,33,123,0.128573)
1,2: (0,0,0,0)  #00000000  none
2,2: (0,0,0,0)  #00000000  none
3,2: (0,0,0,0)  #00000000  none
4,2: (0,0,0,0)  #00000000  none
5,2: (0,0,0,0)  #00000000  none
6,2: (0,0,0,0)  #00000000  none
7,2: (0,0,0,0)  #00000000  none
8,2: (0,0,0,0)  #00000000  none
9,2: (0,0,0,0)  #00000000  none
10,2: (0,0,0,0)  #00000000  none
11,2: (0,0,0,0)  #00000000  none
12,2: (0,0,0,0)  #00000000  none
13,2: (0,33,123,3.19844)  #00217B03  srgba(0,33,123,0.0125429)
14,2: (0,33,123,139.202)  #00217B8B  srgba(0,33,123,0.545892)
15,2: (0,33,123,201.595)  #00217BCA  srgba(0,33,123,0.79057)
16,2: (0,33,123,201.451)  #00217BC9  srgba(0,33,123,0.790005)
17,2: (0,33,123,201.572)  #00217BCA  srgba(0,33,123,0.790478)
18,2: (0,33,123,100.844)  #00217B65  srgba(0,33,123,0.395468)
19,2: (0,0,0,0)  #00000000  none
20,2: (0,0,0,0)  #00000000  none
21,2: (0,0,0,0)  #00000000  none
22,2: (0,0,0,0)  #00000000  none
0,3: (0,33,123,32.786)  #00217B21  srgba(0,33,123,0.128573)
1,3: (0,0,0,0)  #00000000  none
2,3: (0,0,0,0)  #00000000  none
3,3: (0,0,0,0)  #00000000  none
4,3: (0,0,0,0)  #00000000  none
5,3: (0,33,123,0)  #00217B00  srgba(0,33,123,0)
6,3: (0,33,123,0)  #00217B00  srgba(0,33,123,0)
7,3: (0,33,123,0)  #00217B00  srgba(0,33,123,0)
8,3: (0,33,123,0)  #00217B00  srgba(0,33,123,0)
9,3: (0,33,123,0)  #00217B00  srgba(0,33,123,0)
10,3: (0,33,123,0)  #00217B00  srgba(0,33,123,0)
11,3: (0,33,123,0)  #00217B00  srgba(0,33,123,0)
12,3: (0,0,0,0)  #00000000  none
13,3: (0,33,123,4.09728)  #00217B04  srgba(0,33,123,0.0160678)
14,3: (0,33,123,178.49)  #00217BB2  srgba(0,33,123,0.699962)
15,3: (0,33,123,255)  #00217BFF  srgba(0,33,123,1)
16,3: (0,33,123,255)  #00217BFF  srgba(0,33,123,1)
17,3: (0,33,123,255)  #00217BFF  srgba(0,33,123,1)
18,3: (0,33,123,129.307)  #00217B81  srgba(0,33,123,0.507088)
19,3: (0,0,0,0)  #00000000  none
20,3: (0,0,0,0)  #00000000  none
21,3: (0,0,0,0)  #00000000  none
22,3: (0,0,0,0)  #00000000  none
0,4: (0,33,123,32.786)  #00217B21  srgba(0,33,123,0.128573)
1,4: (0,0,0,0)  #00000000  none
2,4: (0,0,0,0)  #00000000  none
3,4: (0,0,0,0)  #00000000  none
4,4: (0,33,123,0)  #00217B00  srgba(0,33,123,0)
5,4: (0,33,123,0)  #00217B00  srgba(0,33,123,0)
6,4: (0,33,123,0.120623)  #00217B00  srgba(0,33,123,0.00047303)
7,4: (0,33,123,1.73152)  #00217B02  srgba(0,33,123,0.00679026)
8,4: (0,33,123,1.70428)  #00217B02  srgba(0,33,123,0.00668345)
9,4: (0,33,123,1.70817)  #00217B02  srgba(0,33,123,0.00669871)
10,4: (0,33,123,3.08171)  #00217B03  srgba(0,33,123,0.0120851)
11,4: (0,33,123,1.35019)  #00217B01  srgba(0,33,123,0.00529488)
12,4: (0,33,123,0)  #00217B00  srgba(0,33,123,0)
13,4: (0,33,123,0)  #00217B00  srgba(0,33,123,0)
14,4: (0,33,123,174.833)  #00217BAF  srgba(0,33,123,0.685618)
15,4: (0,33,123,255)  #00217BFF  srgba(0,33,123,1)
16,4: (0,33,123,255)  #00217BFF  srgba(0,33,123,1)
17,4: (0,33,123,255)  #00217BFF  srgba(0,33,123,1)
18,4: (0,33,123,125.436)  #00217B7D  srgba(0,33,123,0.491905)
19,4: (0,33,123,0)  #00217B00  srgba(0,33,123,0)
20,4: (0,33,123,0)  #00217B00  srgba(0,33,123,0)
21,4: (0,33,123,0)  #00217B00  srgba(0,33,123,0)
22,4: (0,33,123,0)  #00217B00  srgba(0,33,123,0)
0,5: (0,33,123,32.786)  #00217B21  srgba(0,33,123,0.128573)
1,5: (0,0,0,0)  #00000000  none
2,5: (0,0,0,0)  #00000000  none
3,5: (0,33,123,0)  #00217B00  srgba(0,33,123,0)
4,5: (0,33,123,0)  #00217B00  srgba(0,33,123,0)
5,5: (0,33,123,36.2802)  #00217B24  srgba(0,33,123,0.142275)
6,5: (0,33,123,148.335)  #00217B94  srgba(0,33,123,0.581704)
7,5: (0,33,123,166.93)  #00217BA7  srgba(0,33,123,0.654627)
8,5: (0,33,123,166.813)  #00217BA7  srgba(0,33,123,0.65417)
9,5: (0,33,123,168.144)  #00217BA8  srgba(0,33,123,0.659388)
10,5: (0,33,123,138.307)  #00217B8A  srgba(0,33,123,0.542382)
11,5: (0,33,123,33.0467)  #00217B21  srgba(0,33,123,0.129595)
12,5: (0,33,123,81.358)  #00217B51  srgba(0,33,123,0.319051)
13,5: (0,33,123,97.7549)  #00217B62  srgba(0,33,123,0.383352)
14,5: (0,33,123,205.603)  #00217BCE  srgba(0,33,123,0.806287)
15,5: (0,33,123,255)  #00217BFF  srgba(0,33,123,1)
16,5: (0,33,123,255)  #00217BFF  srgba(0,33,123,1)
17,5: (0,33,123,255)  #00217BFF  srgba(0,33,123,1)
18,5: (0,33,123,175.171)  #00217BAF  srgba(0,33,123,0.686946)
19,5: (0,33,123,95.0584)  #00217B5F  srgba(0,33,123,0.372778)
20,5: (0,33,123,95.1868)  #00217B5F  srgba(0,33,123,0.373281)
21,5: (0,33,123,87.7782)  #00217B58  srgba(0,33,123,0.344228)
22,5: (0,33,123,19.9261)  #00217B14  srgba(0,33,123,0.0781415)
0,6: (0,33,123,32.786)  #00217B21  srgba(0,33,123,0.128573)
1,6: (0,0,0,0)  #00000000  none
2,6: (0,33,123,0)  #00217B00  srgba(0,33,123,0)
3,6: (0,33,123,0)  #00217B00  srgba(0,33,123,0)
4,6: (0,33,123,43.1323)  #00217B2B  srgba(0,33,123,0.169146)
5,6: (0,33,123,194.346)  #00217BC2  srgba(0,33,123,0.762142)
6,6: (0,33,123,255)  #00217BFF  srgba(0,33,123,1)
7,6: (0,33,123,255)  #00217BFF  srgba(0,33,123,1)
8,6: (0,33,123,255)  #00217BFF  srgba(0,33,123,1)
9,6: (0,33,123,232.479)  #00217BE8  srgba(0,33,123,0.911681)
10,6: (0,33,123,80.9611)  #00217B51  srgba(0,33,123,0.317494)
11,6: (0,33,123,26.7704)  #00217B1B  srgba(0,33,123,0.104982)
12,6: (0,33,123,218.693)  #00217BDB  srgba(0,33,123,0.857618)
13,6: (0,33,123,254.732)  #00217BFF  srgba(0,33,123,0.998947)
14,6: (0,33,123,254.911)  #00217BFF  srgba(0,33,123,0.999649)
15,6: (0,33,123,255)  #00217BFF  srgba(0,33,123,1)
16,6: (0,33,123,255)  #00217BFF  srgba(0,33,123,1)
17,6: (0,33,123,255)  #00217BFF  srgba(0,33,123,1)
18,6: (0,33,123,254.856)  #00217BFF  srgba(0,33,123,0.999435)
19,6: (0,33,123,254.696)  #00217BFF  srgba(0,33,123,0.99881)
20,6: (0,33,123,254.72)  #00217BFF  srgba(0,33,123,0.998901)
21,6: (0,33,123,234.965)  #00217BEB  srgba(0,33,123,0.921431)
22,6: (0,33,123,53.3463)  #00217B35  srgba(0,33,123,0.209201)
0,7: (0,33,123,32.7899)  #00217B21  srgba(0,33,123,0.128588)
1,7: (0,33,123,0)  #00217B00  srgba(0,33,123,0)
2,7: (0,33,123,0)  #00217B00  srgba(0,33,123,0)
3,7: (0,33,123,50.5953)  #00217B33  srgba(0,33,123,0.198413)
4,7: (0,33,123,202.553)  #00217BCB  srgba(0,33,123,0.794324)
5,7: (0,33,123,255)  #00217BFF  srgba(0,33,123,1)
6,7: (0,33,123,255)  #00217BFF  srgba(0,33,123,1)
7,7: (0,33,123,255)  #00217BFF  srgba(0,33,123,1)
8,7: (0,33,123,228.981)  #00217BE5  srgba(0,33,123,0.897963)
9,7: (0,33,123,79.7315)  #00217B50  srgba(0,33,123,0.312673)
10,7: (0,33,123,0)  #00217B00  srgba(0,33,123,0)
11,7: (0,33,123,26.1595)  #00217B1A  srgba(0,33,123,0.102586)
12,7: (0,33,123,221.864)  #00217BDE  srgba(0,33,123,0.870054)
13,7: (0,33,123,255)  #00217BFF  srgba(0,33,123,1)
14,7: (0,33,123,255)  #00217BFF  srgba(0,33,123,1)
15,7: (0,33,123,255)  #00217BFF  srgba(0,33,123,1)
16,7: (0,33,123,255)  #00217BFF  srgba(0,33,123,1)
17,7: (0,33,123,255)  #00217BFF  srgba(0,33,123,1)
18,7: (0,33,123,255)  #00217BFF  srgba(0,33,123,1)
19,7: (0,33,123,255)  #00217BFF  srgba(0,33,123,1)
20,7: (0,33,123,255)  #00217BFF  srgba(0,33,123,1)
21,7: (0,33,123,238.226)  #00217BEE  srgba(0,33,123,0.934218)
22,7: (0,33,123,54.0856)  #00217B36  srgba(0,33,123,0.2121)
0,8: (0,33,123,32.607)  #00217B21  srgba(0,33,123,0.127871)
1,8: (0,33,123,0)  #00217B00  srgba(0,33,123,0)
2,8: (0,33,123,58.5409)  #00217B3B  srgba(0,33,123,0.229572)
3,8: (0,33,123,210.136)  #00217BD2  srgba(0,33,123,0.824063)
4,8: (0,33,123,255)  #00217BFF  srgba(0,33,123,1)
5,8: (0,33,123,255)  #00217BFF  srgba(0,33,123,1)
6,8: (0,33,123,255)  #00217BFF  srgba(0,33,123,1)
7,8: (0,33,123,229.918)  #00217BE6  srgba(0,33,123,0.90164)
8,8: (0,33,123,81.393)  #00217B51  srgba(0,33,123,0.319188)
9,8: (0,33,123,0.077821)  #00217B00  srgba(0,33,123,0.00030518)
10,8: (0,33,123,0)  #00217B00  srgba(0,33,123,0)
11,8: (0,33,123,20.9144)  #00217B15  srgba(0,33,123,0.0820172)
12,8: (0,33,123,175.459)  #00217BAF  srgba(0,33,123,0.688075)
13,8: (0,33,123,205.105)  #00217BCD  srgba(0,33,123,0.804334)
14,8: (0,33,123,239.315)  #00217BEF  srgba(0,33,123,0.938491)
15,8: (0,33,123,255)  #00217BFF  srgba(0,33,123,1)
16,8: (0,33,123,255)  #00217BFF  srgba(0,33,123,1)
17,8: (0,33,123,255)  #00217BFF  srgba(0,33,123,1)
18,8: (0,33,123,229.654)  #00217BE6  srgba(0,33,123,0.900603)
19,8: (0,33,123,204.171)  #00217BCC  srgba(0,33,123,0.800671)
20,8: (0,33,123,204.272)  #00217BCC  srgba(0,33,123,0.801068)
21,8: (0,33,123,188.412)  #00217BBC  srgba(0,33,123,0.738872)
22,8: (0,33,123,42.7743)  #00217B2B  srgba(0,33,123,0.167742)
0,9: (0,33,123,30.0195)  #00217B1E  srgba(0,33,123,0.117723)
1,9: (0,33,123,65.2179)  #00217B41  srgba(0,33,123,0.255756)
2,9: (0,33,123,217.031)  #00217BD9  srgba(0,33,123,0.851102)
3,9: (0,33,123,255)  #00217BFF  srgba(0,33,123,1)
4,9: (0,33,123,255)  #00217BFF  srgba(0,33,123,1)
5,9: (0,33,123,255)  #00217BFF  srgba(0,33,123,1)
6,9: (0,33,123,230.856)  #00217BE7  srgba(0,33,123,0.905318)
7,9: (0,33,123,83.0778)  #00217B53  srgba(0,33,123,0.325795)
8,9: (0,33,123,0.22179)  #00217B00  srgba(0,33,123,0.000869764)
9,9: (0,33,123,0)  #00217B00  srgba(0,33,123,0)
10,9: (0,0,0,0)  #00000000  none
11,9: (0,33,123,1.607)  #00217B02  srgba(0,33,123,0.00630198)
12,9: (0,33,123,13.4864)  #00217B0D  srgba(0,33,123,0.0528878)
13,9: (0,33,123,19.5292)  #00217B14  srgba(0,33,123,0.076585)
14,9: (0,33,123,181.054)  #00217BB5  srgba(0,33,123,0.710018)
15,9: (0,33,123,255)  #00217BFF  srgba(0,33,123,1)
16,9: (0,33,123,255)  #00217BFF  srgba(0,33,123,1)
17,9: (0,33,123,255)  #00217BFF  srgba(0,33,123,1)
18,9: (0,33,123,135.49)  #00217B87  srgba(0,33,123,0.531334)
19,9: (0,33,123,15.6576)  #00217B10  srgba(0,33,123,0.0614023)
20,9: (0,33,123,15.716)  #00217B10  srgba(0,33,123,0.0616312)
21,9: (0,33,123,14.4825)  #00217B0E  srgba(0,33,123,0.0567941)
22,9: (0,33,123,3.28794)  #00217B03  srgba(0,33,123,0.0128939)
0,10: (0,33,123,117.716)  #00217B76  srgba(0,33,123,0.461631)
1,10: (0,33,123,221.148)  #00217BDD  srgba(0,33,123,0.867247)
2,10: (0,33,123,255)  #00217BFF  srgba(0,33,123,1)
3,10: (0,33,123,255)  #00217BFF  srgba(0,33,123,1)
4,10: (0,33,123,254.992)  #00217BFF  srgba(0,33,123,0.999969)
5,10: (0,33,123,229.023)  #00217BE5  srgba(0,33,123,0.898131)
6,10: (0,33,123,84.6109)  #00217B55  srgba(0,33,123,0.331807)
7,10: (0,33,123,0.389105)  #00217B00  srgba(0,33,123,0.0015259)
8,10: (0,33,123,0)  #00217B00  srgba(0,33,123,0)
9,10: (0,0,0,0)  #00000000  none
10,10: (0,0,0,0)  #00000000  none
11,10: (0,33,123,0)  #00217B00  srgba(0,33,123,0)
12,10: (0,33,123,0)  #00217B00  srgba(0,33,123,0)
13,10: (0,33,123,3.07393)  #00217B03  srgba(0,33,123,0.0120546)
14,10: (0,33,123,175.899)  #00217BB0  srgba(0,33,123,0.689799)
15,10: (0,33,123,255)  #00217BFF  srgba(0,33,123,1)
16,10: (0,33,123,255)  #00217BFF  srgba(0,33,123,1)
17,10: (0,33,123,255)  #00217BFF  srgba(0,33,123,1)
18,10: (0,33,123,127.156)  #00217B7F  srgba(0,33,123,0.49865)
19,10: (0,33,123,0)  #00217B00  srgba(0,33,123,0)
20,10: (0,33,123,0)  #00217B00  srgba(0,33,123,0)
21,10: (0,33,123,0)  #00217B00  srgba(0,33,123,0)
22,10: (0,33,123,0)  #00217B00  srgba(0,33,123,0)
0,11: (0,33,123,248.066)  #00217BF8  srgba(0,33,123,0.972808)
1,11: (0,33,123,255)  #00217BFF  srgba(0,33,123,1)
2,11: (0,33,123,255)  #00217BFF  srgba(0,33,123,1)
3,11: (0,33,123,255)  #00217BFF  srgba(0,33,123,1)
4,11: (0,33,123,254.918)  #00217BFF  srgba(0,33,123,0.99968)
5,11: (0,33,123,148.891)  #00217B95  srgba(0,33,123,0.583886)
6,11: (0,33,123,1.31128)  #00217B01  srgba(0,33,123,0.00514229)
7,11: (0,33,123,0)  #00217B00  srgba(0,33,123,0)
8,11: (0,0,0,0)  #00000000  none
9,11: (0,0,0,0)  #00000000  none
10,11: (0,0,0,0)  #00000000  none
11,11: (0,0,0,0)  #00000000  none
12,11: (0,0,0,0)  #00000000  none
13,11: (0,33,123,4.04669)  #00217B04  srgba(0,33,123,0.0158694)
14,11: (0,33,123,176.202)  #00217BB0  srgba(0,33,123,0.69099)
15,11: (0,33,123,255)  #00217BFF  srgba(0,33,123,1)
16,11: (0,33,123,255)  #00217BFF  srgba(0,33,123,1)
17,11: (0,33,123,255)  #00217BFF  srgba(0,33,123,1)
18,11: (0,33,123,127.65)  #00217B80  srgba(0,33,123,0.500587)
19,11: (0,0,0,0)  #00000000  none
20,11: (0,0,0,0)  #00000000  none
21,11: (0,0,0,0)  #00000000  none
22,11: (0,0,0,0)  #00000000  none
0,12: (0,33,123,255)  #00217BFF  srgba(0,33,123,1)
1,12: (0,33,123,255)  #00217BFF  srgba(0,33,123,1)
2,12: (0,33,123,255)  #00217BFF  srgba(0,33,123,1)
3,12: (0,33,123,255)  #00217BFF  srgba(0,33,123,1)
4,12: (0,33,123,254.996)  #00217BFF  srgba(0,33,123,0.999985)
5,12: (0,33,123,227.027)  #00217BE3  srgba(0,33,123,0.890303)
6,12: (0,33,123,64.9105)  #00217B41  srgba(0,33,123,0.254551)
7,12: (0,33,123,0)  #00217B00  srgba(0,33,123,0)
8,12: (0,33,123,0)  #00217B00  srgba(0,33,123,0)
9,12: (0,0,0,0)  #00000000  none
10,12: (0,0,0,0)  #00000000  none
11,12: (0,0,0,0)  #00000000  none
12,12: (0,0,0,0)  #00000000  none
13,12: (0,33,123,4.04669)  #00217B04  srgba(0,33,123,0.0158694)
14,12: (0,33,123,176.202)  #00217BB0  srgba(0,33,123,0.69099)
15,12: (0,33,123,255)  #00217BFF  srgba(0,33,123,1)
16,12: (0,33,123,255)  #00217BFF  srgba(0,33,123,1)
17,12: (0,33,123,255)  #00217BFF  srgba(0,33,123,1)
18,12: (0,33,123,127.65)  #00217B80  srgba(0,33,123,0.500587)
19,12: (0,0,0,0)  #00000000  none
20,12: (0,0,0,0)  #00000000  none
21,12: (0,0,0,0)  #00000000  none
22,12: (0,0,0,0)  #00000000  none
0,13: (0,33,123,255)  #00217BFF  srgba(0,33,123,1)
1,13: (0,33,123,255)  #00217BFF  srgba(0,33,123,1)
2,13: (0,33,123,254.354)  #00217BFE  srgba(0,33,123,0.997467)
3,13: (0,33,123,255)  #00217BFF  srgba(0,33,123,1)
4,13: (0,33,123,255)  #00217BFF  srgba(0,33,123,1)
5,13: (0,33,123,255)  #00217BFF  srgba(0,33,123,1)
6,13: (0,33,123,205.004)  #00217BCD  srgba(0,33,123,0.803937)
7,13: (0,33,123,36.1984)  #00217B24  srgba(0,33,123,0.141955)
8,13: (0,33,123,0)  #00217B00  srgba(0,33,123,0)
9,13: (0,0,0,0)  #00000000  none
10,13: (0,0,0,0)  #00000000  none
11,13: (0,0,0,0)  #00000000  none
12,13: (0,0,0,0)  #00000000  none
13,13: (0,33,123,4.04669)  #00217B04  srgba(0,33,123,0.0158694)
14,13: (0,33,123,176.206)  #00217BB0  srgba(0,33,123,0.691005)
15,13: (0,33,123,255)  #00217BFF  srgba(0,33,123,1)
16,13: (0,33,123,255)  #00217BFF  srgba(0,33,123,1)
17,13: (0,33,123,255)  #00217BFF  srgba(0,33,123,1)
18,13: (0,33,123,127.611)  #00217B80  srgba(0,33,123,0.500435)
19,13: (0,0,0,0)  #00000000  none
20,13: (0,0,0,0)  #00000000  none
21,13: (0,0,0,0)  #00000000  none
22,13: (0,0,0,0)  #00000000  none
0,14: (0,33,123,254.965)  #00217BFF  srgba(0,33,123,0.999863)
1,14: (0,33,123,176.109)  #00217BB0  srgba(0,33,123,0.690623)
2,14: (0,33,123,140.899)  #00217B8D  srgba(0,33,123,0.552544)
3,14: (0,33,123,250.175)  #00217BFA  srgba(0,33,123,0.981079)
4,14: (0,33,123,255)  #00217BFF  srgba(0,33,123,1)
5,14: (0,33,123,255)  #00217BFF  srgba(0,33,123,1)
6,14: (0,33,123,255)  #00217BFF  srgba(0,33,123,1)
7,14: (0,33,123,172.031)  #00217BAC  srgba(0,33,123,0.674632)
8,14: (0,33,123,16.3696)  #00217B10  srgba(0,33,123,0.0641947)
9,14: (0,33,123,0)  #00217B00  srgba(0,33,123,0)
10,14: (0,0,0,0)  #00000000  none
11,14: (0,0,0,0)  #00000000  none
12,14: (0,0,0,0)  #00000000  none
13,14: (0,33,123,4.07782)  #00217B04  srgba(0,33,123,0.0159915)
14,14: (0,33,123,176.412)  #00217BB0  srgba(0,33,123,0.691814)
15,14: (0,33,123,255)  #00217BFF  srgba(0,33,123,1)
16,14: (0,33,123,255)  #00217BFF  srgba(0,33,123,1)
17,14: (0,33,123,255)  #00217BFF  srgba(0,33,123,1)
18,14: (0,33,123,127.319)  #00217B7F  srgba(0,33,123,0.49929)
19,14: (0,33,123,0)  #00217B00  srgba(0,33,123,0)
20,14: (0,33,123,0)  #00217B00  srgba(0,33,123,0)
21,14: (0,33,123,0)  #00217B00  srgba(0,33,123,0)
22,14: (0,33,123,0)  #00217B00  srgba(0,33,123,0)
0,15: (0,33,123,163.591)  #00217BA4  srgba(0,33,123,0.641535)
1,15: (0,33,123,26.642)  #00217B1B  srgba(0,33,123,0.104479)
2,15: (0,33,123,10.4436)  #00217B0A  srgba(0,33,123,0.0409552)
3,15: (0,33,123,159.778)  #00217BA0  srgba(0,33,123,0.626581)
4,15: (0,33,123,254.646)  #00217BFF  srgba(0,33,123,0.998611)
5,15: (0,33,123,255)  #00217BFF  srgba(0,33,123,1)
6,15: (0,33,123,255)  #00217BFF  srgba(0,33,123,1)
7,15: (0,33,123,251.957)  #00217BFC  srgba(0,33,123,0.988067)
8,15: (0,33,123,133.599)  #00217B86  srgba(0,33,123,0.523919)
9,15: (0,33,123,5.09339)  #00217B05  srgba(0,33,123,0.0199741)
10,15: (0,33,123,0)  #00217B00  srgba(0,33,123,0)
11,15: (0,0,0,0)  #00000000  none
12,15: (0,0,0,0)  #00000000  none
13,15: (0,33,123,2.45914)  #00217B02  srgba(0,33,123,0.0096437)
14,15: (0,33,123,169.7)  #00217BAA  srgba(0,33,123,0.665492)
15,15: (0,33,123,255)  #00217BFF  srgba(0,33,123,1)
16,15: (0,33,123,255)  #00217BFF  srgba(0,33,123,1)
17,15: (0,33,123,255)  #00217BFF  srgba(0,33,123,1)
18,15: (0,33,123,159.233)  #00217B9F  srgba(0,33,123,0.624445)
19,15: (0,33,123,2.48249)  #00217B02  srgba(0,33,123,0.00973526)
20,15: (0,33,123,0)  #00217B00  srgba(0,33,123,0)
21,15: (0,33,123,0.957198)  #00217B01  srgba(0,33,123,0.00375372)
22,15: (0,33,123,1.37354)  #00217B01  srgba(0,33,123,0.00538643)
0,16: (0,33,123,38.5759)  #00217B27  srgba(0,33,123,0.151278)
1,16: (0,33,123,0)  #00217B00  srgba(0,33,123,0)
2,16: (0,33,123,0)  #00217B00  srgba(0,33,123,0)
3,16: (0,33,123,27.4864)  #00217B1B  srgba(0,33,123,0.10779)
4,16: (0,33,123,191.813)  #00217BC0  srgba(0,33,123,0.752209)
5,16: (0,33,123,255)  #00217BFF  srgba(0,33,123,1)
6,16: (0,33,123,255)  #00217BFF  srgba(0,33,123,1)
7,16: (0,33,123,255)  #00217BFF  srgba(0,33,123,1)
8,16: (0,33,123,242.949)  #00217BF3  srgba(0,33,123,0.952743)
9,16: (0,33,123,94.4514)  #00217B5E  srgba(0,33,123,0.370397)
10,16: (0,33,123,0.214008)  #00217B00  srgba(0,33,123,0.000839246)
11,16: (0,33,123,0)  #00217B00  srgba(0,33,123,0)
12,16: (0,0,0,0)  #00000000  none
13,16: (0,33,123,0.0817121)  #00217B00  srgba(0,33,123,0.000320439)
14,16: (0,33,123,133.121)  #00217B85  srgba(0,33,123,0.522042)
15,16: (0,33,123,255)  #00217BFF  srgba(0,33,123,1)
16,16: (0,33,123,255)  #00217BFF  srgba(0,33,123,1)
17,16: (0,33,123,255)  #00217BFF  srgba(0,33,123,1)
18,16: (0,33,123,239.58)  #00217BF0  srgba(0,33,123,0.939528)
19,16: (0,33,123,141.63)  #00217B8E  srgba(0,33,123,0.555413)
20,16: (0,33,123,105.988)  #00217B6A  srgba(0,33,123,0.41564)
21,16: (0,33,123,147.669)  #00217B94  srgba(0,33,123,0.579095)
22,16: (0,33,123,59.4125)  #00217B3B  srgba(0,33,123,0.23299)
0,17: (0,33,123,32.323)  #00217B20  srgba(0,33,123,0.126757)
1,17: (0,33,123,0)  #00217B00  srgba(0,33,123,0)
2,17: (0,33,123,0)  #00217B00  srgba(0,33,123,0)
3,17: (0,33,123,0)  #00217B00  srgba(0,33,123,0)
4,17: (0,33,123,50.0661)  #00217B32  srgba(0,33,123,0.196338)
5,17: (0,33,123,217.833)  #00217BDA  srgba(0,33,123,0.854246)
6,17: (0,33,123,255)  #00217BFF  srgba(0,33,123,1)
7,17: (0,33,123,255)  #00217BFF  srgba(0,33,123,1)
8,17: (0,33,123,255)  #00217BFF  srgba(0,33,123,1)
9,17: (0,33,123,225.899)  #00217BE2  srgba(0,33,123,0.885878)
10,17: (0,33,123,59.3424)  #00217B3B  srgba(0,33,123,0.232715)
11,17: (0,33,123,0)  #00217B00  srgba(0,33,123,0)
12,17: (0,33,123,0)  #00217B00  srgba(0,33,123,0)
13,17: (0,33,123,0)  #00217B00  srgba(0,33,123,0)
14,17: (0,33,123,58.6342)  #00217B3B  srgba(0,33,123,0.229938)
15,17: (0,33,123,236.825)  #00217BED  srgba(0,33,123,0.928725)
16,17: (0,33,123,255)  #00217BFF  srgba(0,33,123,1)
17,17: (0,33,123,255)  #00217BFF  srgba(0,33,123,1)
18,17: (0,33,123,255)  #00217BFF  srgba(0,33,123,1)
19,17: (0,33,123,255)  #00217BFF  srgba(0,33,123,1)
20,17: (0,33,123,255)  #00217BFF  srgba(0,33,123,1)
21,17: (0,33,123,255)  #00217BFF  srgba(0,33,123,1)
22,17: (0,33,123,155.654)  #00217B9C  srgba(0,33,123,0.610407)
0,18: (0,33,123,33.0623)  #00217B21  srgba(0,33,123,0.129656)
1,18: (0,0,0,0)  #00000000  none
2,18: (0,0,0,0)  #00000000  none
3,18: (0,33,123,0)  #00217B00  srgba(0,33,123,0)
4,18: (0,33,123,0)  #00217B00  srgba(0,33,123,0)
5,18: (0,33,123,78.9377)  #00217B4F  srgba(0,33,123,0.30956)
6,18: (0,33,123,235.191)  #00217BEB  srgba(0,33,123,0.922316)
7,18: (0,33,123,255)  #00217BFF  srgba(0,33,123,1)
8,18: (0,33,123,255)  #00217BFF  srgba(0,33,123,1)
9,18: (0,33,123,255)  #00217BFF  srgba(0,33,123,1)
10,18: (0,33,123,202.304)  #00217BCA  srgba(0,33,123,0.793347)
11,18: (0,33,123,35.5642)  #00217B24  srgba(0,33,123,0.139467)
12,18: (0,33,123,0.0116732)  #00217B00  srgba(0,33,123,4.57771e-05)
13,18: (0,0,0,0)  #00000000  none
14,18: (0,33,123,3.9144)  #00217B04  srgba(0,33,123,0.0153506)
15,18: (0,33,123,114.482)  #00217B72  srgba(0,33,123,0.448951)
16,18: (0,33,123,238.121)  #00217BEE  srgba(0,33,123,0.933806)
17,18: (0,33,123,255)  #00217BFF  srgba(0,33,123,1)
18,18: (0,33,123,255)  #00217BFF  srgba(0,33,123,1)
19,18: (0,33,123,255)  #00217BFF  srgba(0,33,123,1)
20,18: (0,33,123,255)  #00217BFF  srgba(0,33,123,1)
21,18: (0,33,123,255)  #00217BFF  srgba(0,33,123,1)
22,18: (0,33,123,234.377)  #00217BEA  srgba(0,33,123,0.919127)
0,19: (0,33,123,26.3463)  #00217B1A  srgba(0,33,123,0.103319)
1,19: (0,0,0,0)  #00000000  none
2,19: (0,0,0,0)  #00000000  none
3,19: (0,0,0,0)  #00000000  none
4,19: (0,33,123,0)  #00217B00  srgba(0,33,123,0)
5,19: (0,33,123,2.5214)  #00217B03  srgba(0,33,123,0.00988785)
6,19: (0,33,123,116.374)  #00217B74  srgba(0,33,123,0.456367)
7,19: (0,33,123,204.436)  #00217BCC  srgba(0,33,123,0.801709)
8,19: (0,33,123,204.903)  #00217BCD  srgba(0,33,123,0.80354)
9,19: (0,33,123,204.914)  #00217BCD  srgba(0,33,123,0.803586)
10,19: (0,33,123,205.031)  #00217BCD  srgba(0,33,123,0.804044)
11,19: (0,33,123,110.798)  #00217B6F  srgba(0,33,123,0.434501)
12,19: (0,33,123,2.35798)  #00217B02  srgba(0,33,123,0.00924697)
13,19: (0,0,0,0)  #00000000  none
14,19: (0,33,123,0)  #00217B00  srgba(0,33,123,0)
15,19: (0,33,123,4.93774)  #00217B05  srgba(0,33,123,0.0193637)
16,19: (0,33,123,82.4008)  #00217B52  srgba(0,33,123,0.32314)
17,19: (0,33,123,182.545)  #00217BB7  srgba(0,33,123,0.715862)
18,19: (0,33,123,232.545)  #00217BE9  srgba(0,33,123,0.91194)
19,19: (0,33,123,247.673)  #00217BF8  srgba(0,33,123,0.971267)
20,19: (0,33,123,240.619)  #00217BF1  srgba(0,33,123,0.943603)
21,19: (0,33,123,204.996)  #00217BCD  srgba(0,33,123,0.803906)
22,19: (0,33,123,132.911)  #00217B85  srgba(0,33,123,0.521218)
